COUNTY|MUNICIPALITY|W/P|CG|SS|SR|CC|D|G|L|NL|R|U|TOTAL|
AND|AUBURN|1-1|2|20|89|5|112|31|1|0|55|153|352|
AND|AUBURN|1-1|2|20|90|5|62|11|0|0|57|117|247|
AND|AUBURN|2-1|2|20|89|5|47|4|0|0|19|100|170|
AND|AUBURN|2-1|2|20|90|5|86|15|0|0|67|195|363|
AND|AUBURN|3-1|2|20|88|5|66|8|0|0|52|123|249|
AND|AUBURN|3-1|2|20|89|5|34|10|0|1|31|79|155|
AND|AUBURN|3-1|2|20|90|5|10|7|0|0|14|20|51|
AND|AUBURN|4-1|2|20|88|5|4|1|0|0|4|11|20|
AND|AUBURN|4-1|2|20|88|6|53|9|0|0|51|103|216|
AND|AUBURN|4-1|2|20|89|5|39|11|0|0|23|82|155|
AND|AUBURN|5-1|2|20|88|6|65|23|0|0|54|145|287|
AND|AUBURN|5-1|2|20|89|6|67|21|0|0|26|121|235|
AND|DURHAM|1-1|2|20|98|3|130|43|0|0|146|254|573|
AND|GREENE|1-1|2|17|92|3|110|33|0|1|92|227|463|
AND|LEEDS|1-1|2|17|91|7|62|24|0|0|66|156|308|
AND|LEWISTON|1-1|2|21|93|2|1276|123|1|4|270|945|2619|
AND|LEWISTON|2-1|2|21|93|2|65|10|0|0|38|79|192|
AND|LEWISTON|2-1|2|21|94|2|142|20|0|3|63|192|420|
AND|LEWISTON|3-1|2|21|93|1|447|58|0|0|67|379|951|
AND|LEWISTON|3-1|2|21|94|1|240|60|3|1|70|426|800|
AND|LEWISTON|4-1|2|21|94|2|32|6|0|0|13|40|91|
AND|LEWISTON|4-1|2|21|95|2|37|11|0|1|16|57|122|
AND|LEWISTON|4-1|2|21|96|2|54|11|0|0|31|100|196|
AND|LEWISTON|4-1|2|21|96|3|46|6|0|0|26|64|142|
AND|LEWISTON|5-1|2|21|94|1|49|7|0|1|13|70|140|
AND|LEWISTON|5-1|2|21|94|2|17|6|1|1|11|45|81|
AND|LEWISTON|5-1|2|21|95|1|229|36|4|3|40|324|636|
AND|LEWISTON|6-1|2|21|95|3|22|6|0|0|16|45|89|
AND|LEWISTON|6-1|2|21|96|3|90|24|1|0|92|174|381|
AND|LEWISTON|7-1|2|21|95|1|149|32|1|2|89|259|532|
AND|LEWISTON|7-1|2|21|96|1|54|9|1|1|33|65|163|
AND|LISBON|1-1|2|17|97|4|137|21|0|1|141|290|590|
AND|LISBON|2-1|2|17|97|4|88|16|0|0|96|234|434|
AND|LISBON|2-1|2|17|98|4|28|1|0|0|39|80|148|
AND|LIVERMORE|1-1|2|17|76|7|79|11|0|0|65|156|311|
AND|LIVERMORE|1-1|2|17|77|7|16|5|0|0|14|31|66|
AND|LIVERMORE FALLS|1-1|2|17|76|7|103|27|0|1|48|195|374|
AND|MECHANIC FALLS|1-1|2|18|87|6|63|24|0|0|64|182|333|
AND|MINOT|1-1|2|18|90|7|39|14|0|0|57|111|221|
AND|POLAND|1-1|2|20|86|6|10|3|0|0|7|23|43|
AND|POLAND|1-1|2|20|87|6|150|27|0|0|134|308|619|
AND|SABATTUS|1-1|2|17|92|4|191|46|0|0|151|362|750|
AND|TURNER|1-1|2|17|91|7|141|18|1|0|180|376|716|
AND|WALES|1-1|2|17|56|4|11|8|0|0|18|50|87|
ARO|ALLAGASH|1-1|2|1|1|3|10|1|0|0|7|29|47|
ARO|AMITY|1-1|2|2|8|1|1|1|0|0|7|5|14|
ARO|ASHLAND|1-1|2|1|1|2|30|1|0|0|30|98|159|
ARO|BENEDICTA TWP|1-1|2|2|8|1|0|0|0|0|8|11|19|
ARO|BLAINE|1-1|2|2|6|1|13|5|0|0|23|45|86|
ARO|BRIDGEWATER|1-1|2|2|6|1|4|4|0|0|10|22|40|
ARO|CARIBOU|1-1|2|1|4|2|275|44|0|0|258|552|1129|
ARO|CARY TWP|1-1|2|2|8|1|2|3|0|0|6|4|15|
ARO|CASTLE HILL|1-1|2|1|6|2|4|1|0|0|13|31|49|
ARO|CASWELL|1-1|2|1|3|3|13|3|0|1|8|18|43|
ARO|CHAPMAN|1-1|2|1|6|2|3|1|0|0|9|21|34|
ARO|CONNOR TWP|1-1|2|1|3|3|15|3|0|0|15|42|75|
ARO|CROSS LAKE TWP (T17 R5)|1-1|2|1|2|3|2|0|0|0|8|6|16|
ARO|CRYSTAL|1-1|2|2|8|1|3|2|0|0|11|8|24|
ARO|CYR PLT|1-1|2|1|3|3|0|0|0|0|0|0|0|
ARO|DYER BROOK|1-1|2|2|6|1|1|1|0|0|11|16|29|
ARO|EAGLE LAKE|1-1|2|1|1|3|56|6|0|0|20|58|140|
ARO|EASTON|1-1|2|2|3|1|30|5|0|0|45|63|143|
ARO|FORT FAIRFIELD|1-1|2|1|3|1|122|22|0|0|80|168|392|
ARO|FORT KENT|1-1|2|1|1|3|3|0|0|0|2|1|6|
ARO|FORT KENT|1-2|2|1|1|3|8|0|0|0|3|14|25|
ARO|FORT KENT|1-3|2|1|1|3|8|1|0|0|8|19|36|
ARO|FORT KENT|1-4|2|1|1|3|175|9|0|0|88|201|473|
ARO|FORT KENT|2-1|2|1|1|3|0|0|0|0|0|0|0|
ARO|FRENCHVILLE|1-1|2|1|2|3|45|8|0|0|13|46|112|
ARO|GARFIELD PLT|1-1|2|1|1|3|0|0|0|0|1|1|2|
ARO|GLENWOOD PLT|1-1|2|2|8|1|3|0|0|0|0|0|3|
ARO|GRAND ISLE|1-1|2|1|2|3|22|2|0|0|4|22|50|
ARO|HAMLIN|1-1|2|1|3|3|6|0|0|0|1|9|16|
ARO|HAMMOND|1-1|2|2|6|1|1|0|0|0|5|7|13|
ARO|HAYNESVILLE|1-1|2|2|8|1|2|2|0|0|0|14|18|
ARO|HERSEY|1-1|2|2|6|1|3|0|0|0|4|8|15|
ARO|HODGDON|1-1|2|2|8|1|28|6|0|0|57|84|175|
ARO|HOULTON|1-1|2|2|7|1|108|33|0|0|150|294|585|
ARO|ISLAND FALLS|1-1|2|2|8|1|16|2|0|0|14|32|64|
ARO|LIMESTONE|1-1|2|1|3|3|269|43|0|0|129|418|859|
ARO|LINNEUS|1-1|2|2|7|1|11|2|0|0|19|66|98|
ARO|LITTLETON|1-1|2|2|6|1|4|0|0|0|11|29|44|
ARO|LUDLOW|1-1|2|2|7|1|5|2|0|0|17|36|60|
ARO|MACWAHOC PLT|1-1|2|2|8|1|0|0|0|0|0|1|1|
ARO|MADAWASKA|1-1|2|1|2|3|227|12|0|0|55|229|523|
ARO|MADAWASKA LAKE|1-1|2|1|2|3|1|0|0|0|6|4|11|
ARO|MAPLETON|1-1|2|1|6|2|9|3|0|0|9|19|40|
ARO|MAPLETON|1-2|2|1|6|2|7|0|0|0|6|13|26|
ARO|MAPLETON|1-3|2|1|6|2|12|5|0|0|34|34|85|
ARO|MARS HILL|1-1|2|2|6|1|45|7|0|0|53|79|184|
ARO|MASARDIS|1-1|2|1|1|3|4|2|0|0|9|14|29|
ARO|MERRILL|1-1|2|2|6|1|0|0|0|0|3|0|3|
ARO|MONTICELLO|1-1|2|2|6|1|23|2|0|0|24|47|96|
ARO|MORO PLT|1-1|2|2|6|1|1|2|0|0|1|7|11|
ARO|NASHVILLE PLT|1-1|2|1|1|3|0|1|0|0|0|3|4|
ARO|NEW CANADA|1-1|2|1|1|3|4|3|0|0|2|8|17|
ARO|NEW LIMERICK|1-1|2|2|7|1|7|1|0|0|16|24|48|
ARO|NEW SWEDEN|1-1|2|1|3|3|9|1|0|0|24|46|80|
ARO|OAKFIELD|1-1|2|2|7|1|12|1|0|0|11|38|62|
ARO|ORIENT|1-1|2|2|8|1|2|1|0|0|2|14|19|
ARO|OXBOW NORTH TWP|1-1|2|2|6|2|2|0|0|0|4|2|8|
ARO|PERHAM|1-1|2|1|2|3|15|4|0|0|8|25|52|
ARO|PORTAGE LAKE|1-1|2|1|1|3|5|2|0|0|6|12|25|
ARO|PRESQUE ISLE|1-10|2|2|5|2|53|4|0|0|40|47|144|
ARO|PRESQUE ISLE|1-11|2|2|5|2|40|5|0|0|19|70|134|
ARO|PRESQUE ISLE|1-12|2|2|5|2|54|10|0|0|38|92|194|
ARO|PRESQUE ISLE|1-13|2|2|5|2|20|5|0|0|23|58|106|
ARO|PRESQUE ISLE|1-14|2|2|5|2|25|6|0|0|19|38|88|
ARO|PRESQUE ISLE|1-15|2|2|5|2|27|4|0|1|25|60|117|
ARO|PRESQUE ISLE|1-16|2|2|5|2|34|10|0|0|22|46|112|
ARO|PRESQUE ISLE|1-3|2|2|5|2|0|2|0|0|1|5|8|
ARO|PRESQUE ISLE|1-4|2|2|5|2|3|1|0|0|2|6|12|
ARO|PRESQUE ISLE|1-5|2|2|5|2|23|2|0|0|34|44|103|
ARO|PRESQUE ISLE|1-6|2|2|5|2|19|3|0|0|19|41|82|
ARO|PRESQUE ISLE|1-7|2|2|5|2|30|2|1|0|22|56|111|
ARO|PRESQUE ISLE|1-8|2|2|5|2|42|4|0|0|57|84|187|
ARO|PRESQUE ISLE|1-9|2|2|5|2|33|6|0|0|17|52|108|
ARO|PRESQUE ISLE|2-17|2|2|5|2|59|10|1|0|35|94|199|
ARO|PRESQUE ISLE|2-4|2|2|5|2|5|1|1|0|7|23|37|
ARO|PRESQUE ISLE|2-5|2|2|5|2|5|1|0|0|6|18|30|
ARO|REED PLT|1-1|2|2|8|1|1|0|0|0|2|17|20|
ARO|SAINT AGATHA|1-1|2|1|2|3|59|11|0|0|18|56|144|
ARO|SAINT FRANCIS|1-1|2|1|1|3|15|3|0|0|5|26|49|
ARO|SAINT JOHN PLT|1-1|2|1|1|3|12|0|0|1|1|23|37|
ARO|SHERMAN|1-1|2|2|8|1|9|4|0|0|16|35|64|
ARO|SILVER RIDGE TWP|1-1|2|2|8|1|0|1|0|0|4|5|10|
ARO|SINCLAIR|1-1|2|1|2|3|38|3|0|0|13|23|77|
ARO|SMYRNA|1-1|2|2|6|1|6|0|0|0|3|7|16|
ARO|STOCKHOLM|1-1|2|1|3|3|21|1|0|0|6|13|41|
ARO|VAN BUREN|1-1|2|1|2|3|118|3|0|0|32|114|267|
ARO|WADE|1-1|2|1|4|3|6|0|0|0|6|18|30|
ARO|WALLAGRASS|1-1|2|1|1|3|20|4|0|0|6|25|55|
ARO|WASHBURN|1-1|2|1|4|2|19|2|0|0|31|49|101|
ARO|WESTFIELD|1-1|2|2|6|2|22|11|0|1|24|40|98|
ARO|WESTMANLAND|1-1|2|1|3|3|0|0|0|0|0|2|2|
ARO|WESTON|1-1|2|2|8|1|6|1|0|0|12|24|43|
ARO|WINTERVILLE PLT|1-1|2|1|1|3|7|2|0|0|0|6|15|
ARO|WOODLAND|1-1|2|1|3|3|21|9|1|0|50|93|174|
CUM|BALDWIN|1-1|1|22|84|1|58|9|0|0|77|116|260|
CUM|BRIDGTON|1-1|1|18|83|1|217|60|0|2|245|439|963|
CUM|BRUNSWICK|1-1|1|23|99|3|48|11|0|0|60|77|196|
CUM|BRUNSWICK|1-2|1|23|100|3|0|0|0|0|0|0|0|
CUM|BRUNSWICK|1-2|1|23|99|3|53|9|0|0|51|91|204|
CUM|BRUNSWICK|2-1|1|23|100|3|32|1|0|0|9|24|66|
CUM|BRUNSWICK|2-2|1|23|100|3|290|22|0|0|96|252|660|
CUM|BRUNSWICK|2-2|1|23|101|3|26|2|0|0|0|18|46|
CUM|BRUNSWICK|3-1|1|23|101|3|52|4|0|0|52|84|192|
CUM|BRUNSWICK|3-2|1|23|101|3|55|5|0|0|39|61|160|
CUM|BRUNSWICK|4-1|1|23|101|3|29|4|1|0|19|59|112|
CUM|BRUNSWICK|4-2|1|23|100|3|4|2|0|0|5|15|26|
CUM|BRUNSWICK|4-2|1|23|101|3|61|6|0|0|48|98|213|
CUM|BRUNSWICK|5-1|1|23|99|3|3|1|0|0|0|7|11|
CUM|BRUNSWICK|5-2|1|23|100|3|146|23|1|0|78|177|425|
CUM|BRUNSWICK|5-2|1|23|99|3|11|1|0|0|21|20|53|
CUM|BRUNSWICK|6-2|1|23|100|3|521|45|0|0|124|417|1107|
CUM|BRUNSWICK|6-2|1|23|101|3|13|0|0|0|4|7|24|
CUM|BRUNSWICK|7-2|1|23|100|3|426|34|0|0|58|276|794|
CUM|BRUNSWICK|7-2|1|23|101|3|146|11|0|0|55|110|322|
CUM|CAPE ELIZABETH|1-1|1|29|121|4|8|0|0|0|3|12|23|
CUM|CAPE ELIZABETH|1-1|1|29|123|4|340|23|0|0|242|375|980|
CUM|CASCO|1-1|1|26|86|2|167|33|0|0|179|339|718|
CUM|CHEBEAGUE ISLAND|1-1|1|23|110|3|7|3|0|0|5|17|32|
CUM|CUMBERLAND|1-1|1|25|110|3|209|25|0|0|236|348|818|
CUM|FALMOUTH|1-1|1|25|111|2|95|7|0|0|91|152|345|
CUM|FALMOUTH|1-1|1|25|112|2|27|0|0|0|29|39|95|
CUM|FREEPORT|1-1|1|23|102|3|92|13|0|0|43|137|285|
CUM|FREEPORT|2-1|1|23|102|3|68|4|0|0|32|86|190|
CUM|FREEPORT|3-1|1|23|102|3|58|1|0|0|36|79|174|
CUM|FREEPORT|4-1|1|23|102|3|63|14|0|0|35|91|203|
CUM|FRYE ISLAND|1-1|1|26|86|2|11|9|0|0|19|20|59|
CUM|GORHAM|1-1|1|30|109|1|168|29|0|0|150|201|548|
CUM|GORHAM|1-2|1|30|109|1|106|18|1|0|116|179|420|
CUM|GORHAM|2-1|1|30|108|1|495|109|0|0|284|722|1610|
CUM|GRAY|1-1|1|25|104|2|102|17|0|0|106|227|452|
CUM|GRAY|1-1|1|25|105|2|139|22|0|0|137|279|577|
CUM|HARPSWELL|1-1|1|23|99|3|22|3|0|0|23|50|98|
CUM|HARPSWELL|2-1|1|23|99|3|34|5|0|0|24|68|131|
CUM|HARPSWELL|3-1|1|23|99|3|12|5|0|0|17|22|56|
CUM|HARRISON|1-1|1|18|83|2|47|12|0|0|52|115|226|
CUM|LONG ISLAND|1-1|1|25|110|3|3|0|0|0|6|13|22|
CUM|NAPLES|1-1|1|22|84|2|152|34|0|0|164|290|640|
CUM|NEW GLOUCESTER|1-1|1|20|104|2|110|38|1|0|92|267|508|
CUM|NORTH YARMOUTH|1-1|1|25|105|3|124|12|0|0|111|198|445|
CUM|PORTLAND|1-1|1|28|119|5|589|93|3|0|109|532|1326|
CUM|PORTLAND|1-2|1|28|115|5|35|6|0|0|11|39|91|
CUM|PORTLAND|1-2|1|28|118|5|740|160|31|1|170|882|1984|
CUM|PORTLAND|1-2|1|28|119|5|154|29|4|0|44|186|417|
CUM|PORTLAND|1-3|1|28|119|5|75|7|0|0|22|69|173|
CUM|PORTLAND|1-45|1|28|119|5|12|1|0|0|6|14|33|
CUM|PORTLAND|2-1|1|28|117|5|517|76|4|0|65|447|1109|
CUM|PORTLAND|2-1|1|28|119|5|159|22|1|0|38|169|389|
CUM|PORTLAND|2-2|1|28|117|5|421|55|4|0|80|397|957|
CUM|PORTLAND|2-2|1|28|118|5|416|71|3|1|81|419|991|
CUM|PORTLAND|3-1|1|27|113|5|170|20|0|0|70|190|450|
CUM|PORTLAND|3-1|1|27|116|5|100|12|2|0|32|73|219|
CUM|PORTLAND|3-1|1|28|115|5|192|32|1|0|44|170|439|
CUM|PORTLAND|3-1|1|28|116|5|45|6|1|0|6|22|80|
CUM|PORTLAND|3-2|1|27|113|5|59|9|2|1|34|61|166|
CUM|PORTLAND|3-2|1|27|116|5|335|34|1|0|112|330|812|
CUM|PORTLAND|3-2|1|28|115|5|78|12|0|0|19|55|164|
CUM|PORTLAND|4-1|1|27|114|5|18|5|0|0|2|21|46|
CUM|PORTLAND|4-1|1|27|115|5|88|3|0|0|24|99|214|
CUM|PORTLAND|4-1|1|28|114|5|290|42|0|0|73|239|644|
CUM|PORTLAND|4-1|1|28|115|5|64|9|0|0|23|67|163|
CUM|PORTLAND|4-2|1|27|114|5|144|14|0|1|51|140|350|
CUM|PORTLAND|4-2|1|27|115|5|188|22|0|0|66|150|426|
CUM|PORTLAND|4-2|1|28|114|5|159|11|0|0|51|154|375|
CUM|PORTLAND|5-1|1|27|113|4|242|15|5|0|64|280|606|
CUM|PORTLAND|5-1|1|27|115|4|22|1|0|0|2|26|51|
CUM|PORTLAND|5-1|1|27|116|4|115|20|0|0|25|104|264|
CUM|PORTLAND|5-2|1|27|112|5|285|32|1|0|188|307|813|
CUM|PORTLAND|5-2|1|27|113|5|102|17|2|0|53|147|321|
CUM|POWNAL|1-1|1|23|98|3|61|9|0|0|40|95|205|
CUM|RAYMOND|1-1|1|26|86|2|157|27|0|0|168|344|696|
CUM|SCARBOROUGH|1-1|1|29|124|1|71|6|0|0|53|83|213|
CUM|SCARBOROUGH|1-1|1|30|124|1|268|27|0|0|271|456|1022|
CUM|SCARBOROUGH|1-1|1|30|125|1|247|43|0|0|228|406|924|
CUM|SCARBOROUGH|1-1|1|30|126|1|111|14|0|1|111|187|424|
CUM|SEBAGO|1-1|1|22|84|1|84|22|0|0|89|143|338|
CUM|SOUTH PORTLAND|1-1|1|29|122|4|326|42|0|1|124|380|873|
CUM|SOUTH PORTLAND|2-1|1|29|121|4|83|5|0|0|39|90|217|
CUM|SOUTH PORTLAND|2-1|1|29|122|4|205|22|0|0|74|201|502|
CUM|SOUTH PORTLAND|3-1|1|29|120|4|38|2|0|0|25|34|99|
CUM|SOUTH PORTLAND|3-1|1|29|121|4|170|29|0|0|99|230|528|
CUM|SOUTH PORTLAND|4-1|1|29|120|4|102|14|1|1|56|146|320|
CUM|SOUTH PORTLAND|4-1|1|29|121|4|68|8|0|0|56|109|241|
CUM|SOUTH PORTLAND|5-1|1|29|120|4|239|36|0|0|118|296|689|
CUM|STANDISH|1-1|1|22|84|1|36|11|0|0|33|59|139|
CUM|STANDISH|1-1|1|22|85|1|292|89|0|0|295|550|1226|
CUM|WESTBROOK|1-1|1|26|127|4|74|17|0|0|39|85|215|
CUM|WESTBROOK|1-1|1|26|128|4|30|3|0|0|25|54|112|
CUM|WESTBROOK|1-1|1|27|127|4|42|9|0|0|31|62|144|
CUM|WESTBROOK|1-1|1|27|128|4|0|0|0|0|0|2|2|
CUM|WESTBROOK|2-1|1|26|127|4|7|3|0|0|5|5|20|
CUM|WESTBROOK|2-1|1|27|126|4|17|2|0|0|23|16|58|
CUM|WESTBROOK|2-1|1|27|127|4|107|13|0|0|53|145|318|
CUM|WESTBROOK|3-1|1|26|126|4|48|3|0|0|19|46|116|
CUM|WESTBROOK|3-1|1|26|127|4|93|15|0|0|76|165|349|
CUM|WESTBROOK|4-1|1|26|128|4|23|1|0|0|8|34|66|
CUM|WESTBROOK|4-1|1|27|128|4|140|17|0|0|60|200|417|
CUM|WESTBROOK|5-1|1|26|128|4|145|17|0|0|103|195|460|
CUM|WINDHAM|1-1|1|26|106|2|198|38|0|1|198|482|917|
CUM|WINDHAM|1-1|1|26|107|2|199|26|0|0|168|383|776|
CUM|YARMOUTH|1-1|1|23|103|3|127|14|0|0|100|108|349|
CUM|YARMOUTH|1-1|1|25|103|3|293|53|0|0|246|368|960|
FRA|AVON|1-1|2|19|74|3|17|8|0|0|15|39|79|
FRA|CARRABASSETT VALLEY|1-1|2|5|73|4|29|8|0|0|25|54|116|
FRA|CARTHAGE|1-1|2|19|74|3|14|3|0|0|13|39|69|
FRA|CHESTERVILLE|1-1|2|5|75|5|39|9|0|0|21|64|133|
FRA|COPLIN PLT|1-1|2|19|73|3|1|0|0|0|2|0|3|
FRA|DALLAS PLT|1-1|2|19|73|4|1|2|0|0|1|15|19|
FRA|EUSTIS|1-1|2|19|73|3|34|5|0|0|36|57|132|
FRA|FARMINGTON|1-1|2|5|75|1|41|14|0|0|59|97|211|
FRA|FARMINGTON|1-1|2|5|75|2|307|85|0|0|189|591|1172|
FRA|INDUSTRY|1-1|2|5|74|4|25|8|0|0|35|59|127|
FRA|JAY|1-1|2|19|76|5|133|28|0|0|88|222|471|
FRA|KINGFIELD|1-1|2|5|73|4|26|16|0|0|56|82|180|
FRA|NEW SHARON|1-1|2|5|58|4|35|8|0|0|48|89|180|
FRA|NEW VINEYARD|1-1|2|5|74|4|21|7|0|0|17|44|89|
FRA|PHILLIPS|1-1|2|19|73|3|37|11|0|0|47|122|217|
FRA|RANGELEY|1-1|2|19|73|3|2|1|0|0|2|16|21|
FRA|RANGELEY PLT|1-1|2|19|73|3|11|2|0|0|15|12|40|
FRA|SANDY RIVER PLT|1-1|2|19|73|3|4|2|0|0|5|8|19|
FRA|STRONG|1-1|2|5|74|3|33|14|0|0|54|82|183|
FRA|TEMPLE|1-1|2|19|74|1|28|8|0|1|19|39|95|
FRA|WELD|1-1|2|19|74|3|3|0|0|0|2|11|16|
FRA|WILTON|1-1|2|5|74|1|93|23|0|1|79|233|429|
HAN|AMHERST|1-1|2|6|18|1|5|3|0|0|4|16|28|
HAN|AURORA|1-1|2|6|18|1|1|2|0|0|4|6|13|
HAN|BAR HARBOR|1-1|2|7|14|3|357|42|0|0|134|348|881|
HAN|BLUE HILL|1-1|2|7|16|1|101|18|0|0|65|115|299|
HAN|BROOKLIN|1-1|2|7|15|2|14|9|0|0|11|23|57|
HAN|BROOKSVILLE|1-1|2|7|16|2|34|6|0|0|16|33|89|
HAN|BUCKSPORT|1-1|2|10|17|2|250|23|0|0|199|453|925|
HAN|CASTINE|1-1|2|7|16|2|73|21|0|0|101|182|377|
HAN|CRANBERRY ISLES|1-1|2|7|14|3|0|0|0|0|1|2|3|
HAN|CRANBERRY ISLES|2-1|2|7|14|3|1|0|0|0|0|2|3|
HAN|CRANBERRY ISLES||2|28|35||0|0|0|0|0|0|0|
HAN|DEDHAM|1-1|2|10|18|2|54|5|0|0|46|96|201|
HAN|DEER ISLE|1-1|2|7|15|2|60|15|0|0|30|135|240|
HAN|EASTBROOK|1-1|2|6|18|1|10|3|0|0|18|43|74|
HAN|ELLSWORTH|1-1|2|7|13|1|108|22|0|0|140|184|454|
HAN|ELLSWORTH|2-1|2|7|13|1|47|8|0|0|57|83|195|
HAN|ELLSWORTH|3-1|2|7|13|1|34|4|0|0|39|60|137|
HAN|ELLSWORTH|4-1|2|7|13|1|79|13|0|0|137|160|389|
HAN|FRANKLIN|1-1|2|6|12|3|52|5|0|0|53|98|208|
HAN|FRENCHBORO|1-1|2|7|15|3|4|0|0|0|1|2|7|
HAN|GOULDSBORO|1-1|2|6|12|1|66|20|0|0|90|158|334|
HAN|GREAT POND|1-1|2|6|18|1|0|0|0|0|0|0|0|
HAN|HANCOCK|1-1|2|6|12|3|80|18|0|0|99|186|383|
HAN|LAMOINE|1-1|2|7|14|3|62|14|0|0|74|109|259|
HAN|MARIAVILLE|1-1|2|6|18|1|7|5|0|0|12|24|48|
HAN|MOUNT DESERT|1-1|2|7|14|3|49|7|0|0|26|68|150|
HAN|MOUNT DESERT|1-2|2|7|14|3|38|7|0|0|28|60|133|
HAN|ORLAND|1-1|2|7|17|2|45|15|0|0|37|95|192|
HAN|OSBORN|1-1|2|6|18|1|0|0|0|0|4|1|5|
HAN|OTIS|1-1|2|10|18|1|20|8|0|0|31|46|105|
HAN|PENOBSCOT|1-1|2|7|17|2|46|16|0|0|34|77|173|
HAN|SEDGWICK|1-1|2|7|16|2|46|4|0|0|30|50|130|
HAN|SORRENTO|1-1|2|6|12|1|12|2|0|0|3|13|30|
HAN|SOUTHWEST HARBOR|1-1|2|7|15|3|95|26|0|0|60|150|331|
HAN|STONINGTON|1-1|2|7|15|2|40|7|0|0|35|95|177|
HAN|SULLIVAN|1-1|2|6|12|1|25|9|0|0|24|82|140|
HAN|SURRY|1-1|2|7|16|1|61|15|0|0|49|78|203|
HAN|SWANS ISLAND|1-1|2|7|15|3|2|0|0|0|4|15|21|
HAN|TREMONT|1-1|2|7|15|3|25|4|0|0|22|50|101|
HAN|TRENTON|1-1|2|7|16|3|74|14|0|0|66|142|296|
HAN|VERONA ISLAND|1-1|2|7|17|2|17|2|0|0|21|38|78|
HAN|WALTHAM|1-1|2|6|13|1|1|3|0|0|1|7|12|
HAN|WINTER HARBOR|1-1|2|6|12|1|17|1|0|0|33|57|108|
KEN|ALBION|1-1|1|16|63|3|46|10|0|0|49|95|200|
KEN|AUGUSTA|1-1|2|15|59|1|284|42|0|0|229|372|927|
KEN|AUGUSTA|2-1|2|15|59|1|23|1|0|0|15|34|73|
KEN|AUGUSTA|2-1|2|15|60|1|237|21|0|0|174|314|746|
KEN|AUGUSTA|3-1|2|15|59|1|237|24|0|1|187|388|837|
KEN|AUGUSTA|3-1|2|15|60|1|1|0|0|0|0|3|4|
KEN|AUGUSTA|4-1|2|15|60|1|231|30|0|0|186|350|797|
KEN|BELGRADE|1-1|2|15|58|3|66|17|0|0|97|174|354|
KEN|BENTON|1-1|1|3|67|3|49|16|0|0|65|137|267|
KEN|CHELSEA|1-1|2|14|53|1|82|22|0|1|64|198|367|
KEN|CHINA|1-1|1|15|62|1|36|10|0|0|40|132|218|
KEN|CLINTON|1-1|1|3|68|3|97|21|0|1|114|239|472|
KEN|FARMINGDALE|1-1|2|14|54|2|171|24|0|0|141|244|580|
KEN|FAYETTE|1-1|2|17|58|2|11|3|0|0|8|24|46|
KEN|GARDINER|1-1|2|14|54|2|63|13|0|0|65|134|275|
KEN|GARDINER|2-1|2|14|54|2|56|9|0|0|56|107|228|
KEN|GARDINER|3-1|2|14|54|2|80|10|0|0|49|107|246|
KEN|GARDINER|4-1|2|14|54|2|48|15|0|0|36|102|201|
KEN|HALLOWELL|1-1|2|14|55|2|20|1|0|0|9|23|53|
KEN|HALLOWELL|2-1|2|14|55|2|25|5|0|0|8|36|74|
KEN|HALLOWELL|3-1|2|14|55|2|20|0|0|0|6|17|43|
KEN|HALLOWELL|4-1|2|14|55|2|27|6|0|0|3|25|61|
KEN|HALLOWELL|5-1|2|14|55|2|10|1|0|0|9|13|33|
KEN|LITCHFIELD|1-1|1|17|56|2|100|19|0|0|85|198|402|
KEN|MANCHESTER|1-1|2|14|55|1|87|16|0|0|92|120|315|
KEN|MONMOUTH|1-1|2|14|56|2|124|18|0|0|125|218|485|
KEN|MOUNT VERNON|1-1|2|15|58|2|53|18|0|0|48|103|222|
KEN|OAKLAND|1-1|2|16|66|3|164|29|0|0|135|408|736|
KEN|PITTSTON|1-1|1|14|53|2|76|16|0|0|96|150|338|
KEN|RANDOLPH|1-1|2|14|53|2|55|7|0|0|58|106|226|
KEN|READFIELD|1-1|2|14|57|2|84|12|0|0|53|133|282|
KEN|ROME|1-1|2|5|58|3|7|5|0|0|13|29|54|
KEN|SIDNEY|1-1|2|15|61|1|73|15|0|0|87|137|312|
KEN|SIDNEY|1-1|2|15|66|1|4|1|0|0|6|9|20|
KEN|VASSALBORO|1-1|1|15|61|1|121|28|0|0|120|201|470|
KEN|VIENNA|1-1|2|5|58|2|16|1|0|0|9|25|51|
KEN|WATERVILLE|1-1|1|16|64|3|90|12|0|0|61|170|333|
KEN|WATERVILLE|2-1|1|16|64|3|105|16|0|0|45|170|336|
KEN|WATERVILLE|3-1|1|16|64|3|1102|112|0|0|197|793|2204|
KEN|WATERVILLE|4-1|1|16|64|3|20|0|0|0|4|20|44|
KEN|WATERVILLE|4-1|1|16|65|3|123|16|0|0|56|109|304|
KEN|WATERVILLE|5-1|1|16|65|3|83|11|0|1|60|136|291|
KEN|WATERVILLE|6-1|1|16|64|3|36|8|0|0|20|35|99|
KEN|WATERVILLE|6-1|1|16|65|3|103|10|0|0|43|96|252|
KEN|WATERVILLE|7-1|1|16|65|3|116|16|0|0|76|255|463|
KEN|WAYNE|1-1|2|14|91|2|20|4|0|0|4|21|49|
KEN|WEST GARDINER|1-1|1|14|55|2|95|30|0|0|104|207|436|
KEN|WINDSOR|1-1|1|13|62|1|78|15|0|0|79|127|299|
KEN|WINSLOW|1-1|1|16|63|3|28|7|0|0|35|96|166|
KEN|WINSLOW|2-1|1|16|63|3|30|2|0|0|35|82|149|
KEN|WINSLOW|2-1|1|16|64|3|5|1|0|0|5|8|19|
KEN|WINSLOW|3-1|1|16|63|3|18|2|0|0|14|29|63|
KEN|WINSLOW|3-1|1|16|64|3|45|8|0|0|33|89|175|
KEN|WINSLOW|4-1|1|16|63|3|22|6|0|0|41|48|117|
KEN|WINSLOW|4-1|1|16|64|3|19|1|0|0|12|19|51|
KEN|WINSLOW|5-1|1|16|63|3|25|4|0|0|25|70|124|
KEN|WINSLOW|5-1|1|16|64|3|5|0|0|0|3|4|12|
KEN|WINTHROP|1-1|2|14|57|2|232|40|0|0|250|431|953|
KNO|APPLETON|1-1|1|12|40|2|13|8|0|0|16|27|64|
KNO|CAMDEN|1-1|1|12|41|3|199|21|0|0|111|197|528|
KNO|CUSHING|1-1|1|12|43|2|33|13|0|0|32|69|147|
KNO|FRIENDSHIP|1-1|1|12|45|2|29|9|0|0|44|63|145|
KNO|HOPE|1-1|1|12|44|3|10|6|0|0|19|23|58|
KNO|ISLE AU HAUT|1-1|1|7|15|3|5|0|0|0|1|4|10|
KNO|MATINICUS ISLE PLT|1-1|1|12|42|3|2|0|0|0|3|3|8|
KNO|NORTH HAVEN|1-1|1|12|42|3|10|1|0|1|5|16|33|
KNO|OWLS HEAD|1-1|1|12|42|3|22|4|0|0|37|67|130|
KNO|OWLS HEAD|1-1|1|12|43|3|13|1|0|0|8|16|38|
KNO|ROCKLAND|1-1|1|12|42|1|306|50|0|1|240|424|1021|
KNO|ROCKPORT|1-1|1|12|41|3|121|8|0|0|87|113|329|
KNO|SAINT GEORGE|1-1|1|12|43|1|67|10|1|3|45|99|225|
KNO|SOUTH THOMASTON|1-1|1|12|43|1|31|17|1|0|42|93|184|
KNO|THOMASTON|1-1|1|12|43|1|91|31|0|1|75|156|354|
KNO|UNION|1-1|1|12|44|2|31|11|0|0|38|65|145|
KNO|VINALHAVEN|1-1|1|12|15|3|38|4|0|0|7|50|99|
KNO|WARREN|1-1|1|12|44|2|78|14|0|0|83|201|376|
KNO|WASHINGTON|1-1|1|13|45|2|31|11|0|0|34|69|145|
LIN|ALNA|1-1|1|13|47|3|22|10|0|0|16|35|83|
LIN|BOOTHBAY|1-1|1|13|48|1|64|18|0|0|72|146|300|
LIN|BOOTHBAY HARBOR|1-1|1|13|48|1|73|8|0|0|86|118|285|
LIN|BREMEN|1-1|1|13|45|2|32|3|0|0|19|34|88|
LIN|BRISTOL|1-1|1|13|46|2|29|6|0|0|44|81|160|
LIN|DAMARISCOTTA|1-1|1|13|46|3|99|15|0|0|73|136|323|
LIN|DRESDEN|1-1|1|24|53|3|56|15|0|0|57|107|235|
LIN|EDGECOMB|1-1|1|13|48|1|57|7|0|0|58|98|220|
LIN|JEFFERSON|1-1|1|13|47|3|74|14|0|0|68|136|292|
LIN|MONHEGAN ISLAND PLT|1-1|1|13|46|2|0|0|0|0|0|2|2|
LIN|NEWCASTLE|1-1|1|13|46|3|50|13|0|0|26|55|144|
LIN|NOBLEBORO|1-1|1|13|46|2|51|11|0|0|53|91|206|
LIN|SOMERVILLE|1-1|1|13|62|3|5|9|0|0|7|18|39|
LIN|SOUTH BRISTOL|1-1|1|13|48|2|25|7|0|0|17|62|111|
LIN|SOUTHPORT|1-1|1|13|48|1|18|0|0|0|15|13|46|
LIN|WALDOBORO|1-1|1|13|45|2|169|42|0|0|162|298|671|
LIN|WESTPORT ISLAND|1-1|1|13|48|1|16|4|0|0|12|37|69|
LIN|WHITEFIELD|1-1|1|13|47|3|40|8|0|0|39|85|172|
LIN|WISCASSET|1-1|1|13|47|1|99|18|0|1|121|221|460|
OXF|ALBANY TWP|1-1|2|19|81|1|8|4|0|0|6|16|34|
OXF|ANDOVER|1-1|2|19|73|2|7|6|0|0|7|43|63|
OXF|BETHEL|1-1|2|19|78|2|102|7|0|0|85|291|485|
OXF|BROWNFIELD|1-1|2|18|82|1|33|13|0|0|31|80|157|
OXF|BUCKFIELD|1-1|2|19|80|3|22|3|0|0|40|168|233|
OXF|BYRON|1-1|2|19|78|2|5|2|0|0|1|2|10|
OXF|CANTON|1-1|2|19|77|2|54|8|0|0|24|88|174|
OXF|DENMARK|1-1|2|18|83|1|28|1|0|0|33|87|149|
OXF|DIXFIELD|1-1|2|19|77|2|49|24|0|0|33|139|245|
OXF|FRYEBURG|1-1|2|18|82|1|165|37|0|0|186|443|831|
OXF|GILEAD|1-1|2|19|73|2|2|2|0|0|2|8|14|
OXF|GREENWOOD|1-1|2|19|81|1|14|9|0|0|13|45|81|
OXF|HANOVER|1-1|2|19|78|2|10|1|0|0|13|24|48|
OXF|HARTFORD|1-1|2|19|77|3|29|5|0|0|26|80|140|
OXF|HEBRON|1-1|2|18|80|3|38|12|0|1|29|55|135|
OXF|HIRAM|1-1|2|22|82|1|30|5|0|0|32|91|158|
OXF|LINCOLN PLT|1-1|2|19|73|2|0|0|0|0|1|0|1|
OXF|LOVELL|1-1|2|19|82|1|30|8|0|0|36|67|141|
OXF|MAGALLOWAY TWP|1-1|2|19|73|2|0|0|0|0|2|4|6|
OXF|MEXICO|1-1|2|19|77|2|105|12|0|0|56|231|404|
OXF|NEWRY|1-1|2|19|73|2|18|0|0|0|10|15|43|
OXF|NORWAY|1-1|2|18|81|1|211|50|0|0|189|435|885|
OXF|OTISFIELD|1-1|2|18|80|3|51|14|0|0|52|127|244|
OXF|OXFORD|1-1|2|18|80|3|152|37|0|0|148|386|723|
OXF|PARIS|1-1|2|18|79|3|150|35|0|0|155|371|711|
OXF|PERU|1-1|2|19|77|2|45|13|0|0|40|109|207|
OXF|PORTER|1-1|2|22|82|1|35|7|0|0|40|94|176|
OXF|ROXBURY|1-1|2|19|78|2|13|1|0|0|10|15|39|
OXF|RUMFORD|1-1|2|19|78|2|326|47|0|1|144|572|1090|
OXF|STONEHAM|1-1|2|19|81|1|3|2|0|0|3|10|18|
OXF|STOW|1-1|2|19|81|1|2|1|0|0|4|7|14|
OXF|SUMNER|1-1|2|19|79|3|7|11|0|0|22|59|99|
OXF|SWEDEN|1-1|2|18|81|1|4|1|0|0|9|22|36|
OXF|UPTON|1-1|2|19|73|2|1|0|0|0|1|10|12|
OXF|WATERFORD|1-1|2|18|81|1|18|5|0|0|16|29|68|
OXF|WEST PARIS|1-1|2|19|79|3|38|11|0|1|52|129|231|
OXF|WOODSTOCK|1-1|2|19|79|3|39|15|0|0|39|86|179|
PEN|ALTON|1-1|2|8|27|3|19|12|0|0|14|51|96|
PEN|BANGOR|1-1|2|9|21|1|239|43|0|0|168|478|928|
PEN|BANGOR|1-1|2|9|22|1|254|47|0|0|154|562|1017|
PEN|BANGOR|1-1|2|9|23|1|208|25|1|0|128|343|705|
PEN|BANGOR|1-1|2|9|24|1|72|13|0|0|43|163|291|
PEN|BRADFORD|1-1|2|4|27|3|16|6|0|0|21|35|78|
PEN|BRADFORD|1-1|2|4|32|3|5|2|0|0|3|8|18|
PEN|BRADLEY|1-1|2|10|26|3|79|12|0|0|46|104|241|
PEN|BREWER|1-1|2|10|20|1|401|65|0|1|488|656|1611|
PEN|BREWER|1-1|2|10|24|1|17|2|0|0|12|22|53|
PEN|BURLINGTON|1-1|2|8|18|3|8|2|0|0|11|25|46|
PEN|CARMEL|1-1|2|10|35|2|47|7|0|0|79|141|274|
PEN|CARROLL PLT|1-1|2|8|8|3|0|2|0|0|2|7|11|
PEN|CHARLESTON|1-1|2|4|32|2|18|8|0|0|56|81|163|
PEN|CHESTER|1-1|2|2|29|3|10|1|0|0|6|8|25|
PEN|CLIFTON|1-1|2|10|18|1|49|4|0|0|43|98|194|
PEN|CORINNA|1-1|2|4|33|2|49|18|1|1|90|122|281|
PEN|CORINTH|1-1|2|4|27|2|41|13|0|1|90|165|310|
PEN|DEXTER|1-1|2|4|32|2|97|39|0|0|102|195|433|
PEN|DIXMONT|1-1|2|3|33|2|15|7|0|0|10|25|57|
PEN|DREW TWP|1-1|2|2|8|3|1|2|0|0|4|3|10|
PEN|EAST MILLINOCKET|1-1|2|2|29|3|50|11|0|0|33|90|184|
PEN|EDDINGTON|1-1|2|10|19|1|22|7|0|0|35|71|135|
PEN|EDINBURG|1-1|2|8|28|3|0|0|0|0|1|0|1|
PEN|ENFIELD|1-1|2|8|28|3|64|10|0|0|54|120|248|
PEN|ETNA|1-1|2|3|33|2|44|5|1|0|54|66|170|
PEN|EXETER|1-1|2|4|32|2|26|3|0|0|32|60|121|
PEN|GARLAND|1-1|2|4|32|2|27|4|0|0|31|73|135|
PEN|GLENBURN|1-1|2|4|34|2|90|21|0|0|139|199|449|
PEN|GREENBUSH|1-1|2|8|18|3|37|17|0|0|38|75|167|
PEN|HAMPDEN|1-1|2|10|36|2|65|8|0|0|57|108|238|
PEN|HAMPDEN|2-1|2|10|36|2|46|9|0|0|103|114|272|
PEN|HAMPDEN|3-1|2|10|36|2|50|10|0|0|69|86|215|
PEN|HAMPDEN|4-1|2|10|36|2|38|8|0|0|65|113|224|
PEN|HERMON|1-1|2|9|35|2|153|28|0|0|226|316|723|
PEN|HOLDEN|1-1|2|10|19|1|96|15|0|0|138|153|402|
PEN|HOWLAND|1-1|2|8|28|3|45|3|0|0|31|44|123|
PEN|HUDSON|1-1|2|4|27|2|45|5|0|0|50|91|191|
PEN|KENDUSKEAG|1-1|2|4|34|2|52|6|0|0|49|118|225|
PEN|KINGMAN TWP|1-1|2|2|8|3|16|3|0|0|2|9|30|
PEN|LAGRANGE|1-1|2|8|28|3|14|11|0|0|25|57|107|
PEN|LAKEVILLE|1-1|2|8|8|3|2|0|0|0|5|3|10|
PEN|LEE|1-1|2|8|8|3|23|4|0|0|33|65|125|
PEN|LEVANT|1-1|2|4|34|2|64|13|0|0|96|123|296|
PEN|LINCOLN|1-1|2|8|28|3|104|22|0|0|95|181|402|
PEN|LOWELL|1-1|2|8|18|3|24|3|0|0|16|24|67|
PEN|MATTAWAMKEAG|1-1|2|2|8|3|9|6|0|0|7|24|46|
PEN|MAXFIELD|1-1|2|2|28|3|1|0|0|0|5|5|11|
PEN|MEDWAY|1-1|2|2|29|3|37|2|0|0|27|79|145|
PEN|MILFORD|1-1|2|8|27|3|127|27|2|0|77|206|439|
PEN|MILLINOCKET|1-1|2|2|29|3|156|18|0|0|102|257|533|
PEN|MILLINOCKET|1-2|2|2|29|3|10|0|0|0|13|25|48|
PEN|MOUNT CHASE|1-1|2|2|29|3|4|0|0|0|7|17|28|
PEN|NEWBURGH|1-1|2|10|36|2|22|10|0|0|28|79|139|
PEN|NEWPORT|1-1|2|3|33|2|92|11|0|0|116|206|425|
PEN|OLD TOWN|1-1|2|8|26|3|477|81|1|0|255|734|1548|
PEN|OLD TOWN|5-1|2|8|26|3|4|0|0|0|4|9|17|
PEN|ORONO|1-1|2|8|25|3|449|90|0|0|261|563|1363|
PEN|ORONO|1-2|2|8|25|3|594|139|0|0|327|936|1996|
PEN|ORONO|1-3|2|8|24|3|130|10|0|0|84|149|373|
PEN|ORONO|1-3|2|8|25|3|91|21|0|0|42|85|239|
PEN|ORRINGTON|1-1|2|10|19|1|91|23|0|0|166|153|433|
PEN|PASSADUMKEAG|1-1|2|8|18|3|14|2|0|0|15|22|53|
PEN|PATTEN|1-1|2|2|29|3|17|6|0|0|26|61|110|
PEN|PENOBSCOT NATION VOTING DISTRICT|1-1|2|8|26|3|14|3|0|0|6|22|45|
PEN|PLYMOUTH|1-1|2|3|33|2|26|6|0|0|59|115|206|
PEN|PRENTISS TWP T7 R3 NBPP|1-1|2|8|8|3|8|1|0|0|8|9|26|
PEN|SEBOEIS PLT|1-1|2|2|28|3|0|1|0|0|0|4|5|
PEN|SPRINGFIELD|1-1|2|8|8|3|3|3|0|0|3|24|33|
PEN|STACYVILLE|1-1|2|2|8|3|0|0|0|0|0|12|12|
PEN|STETSON|1-1|2|3|32|2|42|18|0|0|56|108|224|
PEN|VEAZIE|1-1|2|8|24|3|72|13|0|0|80|126|291|
PEN|WEBSTER PLT|1-1|2|8|8|3|0|2|0|0|2|5|9|
PEN|WINN|1-1|2|8|28|3|1|1|0|0|6|21|29|
PEN|WOODVILLE|1-1|2|2|29|3|9|1|0|0|4|15|29|
PIS|ABBOT|1-1|2|4|30|1|6|2|0|0|11|29|48|
PIS|ATKINSON TWP|1-1|2|4|31|2|2|2|0|0|5|9|18|
PIS|BEAVER COVE|1-1|2|4|30|3|1|0|0|0|0|3|4|
PIS|BOWERBANK|1-1|2|4|30|1|0|0|0|0|3|8|11|
PIS|BROWNVILLE|1-1|2|4|31|3|18|2|0|0|24|65|109|
PIS|DOVER-FOXCROFT|1-1|2|4|31|2|118|17|0|0|100|176|411|
PIS|GREENVILLE|1-1|2|4|30|3|72|14|0|0|112|163|361|
PIS|GUILFORD|1-1|2|4|30|1|17|4|0|0|23|79|123|
PIS|KINGSBURY PLT|1-1|2|4|30|1|1|0|0|0|2|3|6|
PIS|LAKE VIEW PLT|1-1|2|4|31|3|0|0|0|0|2|5|7|
PIS|MEDFORD|1-1|2|4|31|2|5|0|0|0|2|6|13|
PIS|MILO|1-1|2|4|31|3|138|31|0|0|138|219|526|
PIS|MONSON|1-1|2|4|30|1|12|4|0|0|17|39|72|
PIS|PARKMAN|1-1|2|4|30|1|15|3|0|0|24|57|99|
PIS|SANGERVILLE|1-1|2|4|30|1|36|8|0|0|31|78|153|
PIS|SEBEC|1-1|2|4|30|2|5|2|0|0|13|25|45|
PIS|SHIRLEY|1-1|2|4|30|1|2|0|0|0|2|9|13|
PIS|WELLINGTON|1-1|2|4|30|1|10|3|0|0|7|20|40|
PIS|WILLIMANTIC|1-1|2|4|30|1|6|1|0|0|6|12|25|
SAG|ARROWSIC|1-1|1|24|49|3|15|3|0|0|5|8|31|
SAG|BATH|1-1|1|24|50|2|57|7|0|0|45|99|208|
SAG|BATH|2-1|1|24|50|2|80|13|0|0|64|122|279|
SAG|BATH|3-1|1|24|50|2|78|13|0|0|53|126|270|
SAG|BATH|4-1|1|24|50|2|56|4|0|0|45|80|185|
SAG|BATH|5-1|1|24|50|2|60|18|0|0|49|118|245|
SAG|BATH|6-1|1|24|50|2|59|5|0|0|48|116|228|
SAG|BATH|7-1|1|24|50|2|56|11|0|0|44|57|168|
SAG|BOWDOIN|1-1|1|24|52|1|76|17|0|0|82|190|365|
SAG|BOWDOIN|1-1|1|24|98|1|44|7|0|0|50|84|185|
SAG|BOWDOINHAM|1-1|1|24|52|2|59|9|0|0|34|111|213|
SAG|GEORGETOWN|1-1|1|24|49|3|21|3|0|0|25|49|98|
SAG|PHIPPSBURG|1-1|1|24|49|3|68|10|0|1|59|119|257|
SAG|RICHMOND|1-1|1|24|52|3|28|9|0|0|34|70|141|
SAG|TOPSHAM|1-1|1|24|51|1|240|27|0|0|221|458|946|
SAG|TOPSHAM|1-1|1|24|98|1|11|2|0|0|21|45|79|
SAG|WEST BATH|1-1|1|24|49|3|42|16|0|1|48|94|201|
SAG|WOOLWICH|1-1|1|24|49|3|68|23|0|0|75|133|299|
SOM|ANSON|1-1|2|5|72|2|70|19|0|0|71|180|340|
SOM|ATHENS|1-1|2|5|72|5|42|7|1|0|41|104|195|
SOM|BINGHAM|1-1|2|5|72|5|34|1|0|0|23|80|138|
SOM|BRIGHTON PLT|1-1|2|5|30|5|6|1|0|0|2|6|15|
SOM|CAMBRIDGE|1-1|2|5|30|3|5|2|0|0|5|26|38|
SOM|CANAAN|1-1|2|3|69|5|45|10|0|0|51|103|209|
SOM|CARATUNK|1-1|2|5|72|5|0|0|0|0|0|0|0|
SOM|CORNVILLE|1-1|2|5|71|4|21|8|0|0|44|72|145|
SOM|DENNISTOWN PLT|1-1|2|5|73|5|0|1|0|0|1|1|3|
SOM|DETROIT|1-1|2|3|69|3|55|21|1|0|30|88|195|
SOM|EMBDEN|1-1|2|5|72|5|32|3|0|0|37|73|145|
SOM|FAIRFIELD|1-1|2|16|67|1|186|25|0|0|148|321|680|
SOM|HARMONY|1-1|2|5|72|3|39|7|0|0|30|75|151|
SOM|HARTLAND|1-1|2|5|69|5|51|17|0|0|41|89|198|
SOM|HIGHLAND PLT|1-1|2|5|73|2|3|1|0|0|4|12|20|
SOM|JACKMAN|1-1|2|5|73|5|24|0|0|1|43|57|125|
SOM|JACKMAN|1-2|2|5|73|5|4|0|0|0|4|6|14|
SOM|MADISON|1-1|2|3|71|2|190|23|0|0|133|312|658|
SOM|MERCER|1-1|2|5|66|2|2|6|0|0|14|24|46|
SOM|MOOSE RIVER|1-1|2|5|73|5|0|0|0|1|11|6|18|
SOM|MOSCOW|1-1|2|5|72|5|9|4|0|0|9|25|47|
SOM|NEW PORTLAND|1-1|2|5|74|2|14|15|0|0|20|48|97|
SOM|NORRIDGEWOCK|1-1|2|3|71|1|99|20|0|0|86|156|361|
SOM|PALMYRA|1-1|2|3|69|3|44|10|0|0|51|117|222|
SOM|PITTSFIELD|1-1|2|3|68|3|54|4|0|0|50|119|227|
SOM|PITTSFIELD|1-2|2|3|68|3|58|8|0|0|47|94|207|
SOM|PITTSFIELD|1-3|2|3|68|3|55|7|0|0|65|110|237|
SOM|PITTSFIELD|1-4|2|3|68|3|41|6|0|0|47|80|174|
SOM|PLEASANT RIDGE PLT|1-1|2|5|72|5|1|0|0|0|3|8|12|
SOM|RIPLEY|1-1|2|5|72|3|9|3|0|1|21|19|53|
SOM|ROCKWOOD STRIP TWP|1-1|2|5|72|5|7|4|0|0|11|19|41|
SOM|SAINT ALBANS|1-1|2|5|69|3|20|5|0|0|40|89|154|
SOM|SKOWHEGAN|1-1|2|3|70|4|424|50|1|2|361|719|1557|
SOM|SMITHFIELD|1-1|2|5|66|2|12|3|0|0|12|32|59|
SOM|SOLON|1-1|2|5|72|5|26|2|0|0|12|54|94|
SOM|STARKS|1-1|2|5|66|2|12|5|0|1|10|65|93|
SOM|THE FORKS PLT|1-1|2|5|73|5|2|0|0|0|0|4|6|
SOM|WEST FORKS PLT|1-1|2|5|73|5|0|0|0|0|2|2|4|
WAL|BELFAST|1-1|2|11|39|1|53|4|0|0|28|72|157|
WAL|BELFAST|2-1|2|11|39|1|51|11|0|0|42|75|179|
WAL|BELFAST|3-1|2|11|39|1|75|14|0|0|47|103|239|
WAL|BELFAST|4-1|2|11|39|1|56|14|0|0|32|86|188|
WAL|BELFAST|5-1|2|11|39|1|51|7|0|0|48|100|206|
WAL|BELMONT|1-1|2|11|39|1|18|11|0|0|26|55|110|
WAL|BROOKS|1-1|2|11|38|3|21|2|0|0|17|40|80|
WAL|BURNHAM|1-1|2|11|68|3|8|8|0|0|4|63|83|
WAL|FRANKFORT|1-1|2|11|37|2|2|3|0|0|6|13|24|
WAL|FRANKFORT|1-1|2|11|38|2|5|0|0|0|5|20|30|
WAL|FREEDOM|1-1|2|11|63|3|14|7|0|0|16|39|76|
WAL|ISLESBORO|1-1|2|11|40|1|26|3|0|0|5|43|77|
WAL|JACKSON|1-1|2|11|38|2|13|2|0|0|16|37|68|
WAL|KNOX|1-1|2|11|38|3|15|8|0|0|22|57|102|
WAL|LIBERTY|1-1|2|11|40|3|21|4|0|0|27|44|96|
WAL|LINCOLNVILLE|1-1|2|11|40|1|63|18|0|1|45|81|208|
WAL|MONROE|1-1|2|11|38|2|34|21|0|0|31|87|173|
WAL|MONTVILLE|1-1|2|11|40|3|19|6|0|0|12|46|83|
WAL|MORRILL|1-1|2|11|40|3|11|3|0|0|24|42|80|
WAL|NORTHPORT|1-1|2|11|39|1|39|16|0|0|36|78|169|
WAL|PALERMO|1-1|2|11|62|3|36|10|0|0|40|81|167|
WAL|PROSPECT|1-1|2|11|37|2|9|1|0|0|13|41|64|
WAL|SEARSMONT|1-1|2|11|40|3|20|6|0|0|23|54|103|
WAL|SEARSPORT|1-1|2|11|37|2|116|28|0|1|168|233|546|
WAL|STOCKTON SPRINGS|1-1|2|11|37|2|54|9|0|0|60|124|247|
WAL|SWANVILLE|1-1|2|11|38|2|47|17|0|0|55|168|287|
WAL|THORNDIKE|1-1|2|11|38|3|22|17|0|0|28|62|129|
WAL|TROY|1-1|2|11|68|3|26|16|0|0|25|81|148|
WAL|UNITY|1-1|2|11|38|3|158|91|0|0|99|282|630|
WAL|WALDO|1-1|2|11|38|1|20|7|0|0|17|63|107|
WAL|WINTERPORT|1-1|2|11|37|2|149|36|0|0|177|260|622|
WAS|ADDISON|1-1|2|6|11|3|23|6|0|0|32|49|110|
WAS|ALEXANDER|1-1|2|6|10|1|16|2|0|0|16|40|74|
WAS|BAILEYVILLE|1-1|2|6|9|1|46|7|0|0|39|98|190|
WAS|BARING PLT|1-1|2|6|9|1|6|2|0|0|3|10|21|
WAS|BEALS|1-1|2|6|11|3|10|0|0|0|1|8|19|
WAS|BEDDINGTON|1-1|2|6|18|1|0|0|0|0|2|1|3|
WAS|BIG LAKE TWP|1-1|2|6|10|1|1|0|0|0|3|6|10|
WAS|BROOKTON TWP|1-1|2|6|8|1|7|0|0|0|10|5|22|
WAS|CALAIS|1-1|2|6|9|1|70|8|0|0|111|246|435|
WAS|CHARLOTTE|1-1|2|6|10|1|1|0|0|0|2|6|9|
WAS|CHERRYFIELD|1-1|2|6|18|3|37|7|0|0|58|105|207|
WAS|CODYVILLE TWP|1-1|2|6|8|1|0|0|0|0|0|4|4|
WAS|COLUMBIA|1-1|2|6|11|3|11|5|0|0|17|33|66|
WAS|COLUMBIA FALLS|1-1|2|6|11|3|14|3|0|0|19|23|59|
WAS|COOPER|1-1|2|6|10|1|8|1|0|0|8|5|22|
WAS|CRAWFORD|1-1|2|6|10|1|1|0|0|0|3|5|9|
WAS|CUTLER|1-1|2|6|10|2|8|1|0|0|15|31|55|
WAS|DANFORTH|1-1|2|6|8|1|14|6|0|0|21|71|112|
WAS|DEBLOIS|1-1|2|6|18|1|0|0|0|0|1|1|2|
WAS|DENNYSVILLE|1-1|2|6|10|2|8|0|0|0|9|12|29|
WAS|EAST MACHIAS|1-1|2|6|10|2|23|8|0|1|35|44|111|
WAS|EASTPORT|1-1|2|6|9|2|72|8|0|0|37|94|211|
WAS|EDMUNDS TWP|1-1|2|6|10|2|4|2|0|0|4|18|28|
WAS|GRAND LAKE STREAM PLT|1-1|2|6|9|1|3|0|0|0|8|3|14|
WAS|HARRINGTON|1-1|2|6|11|3|31|6|0|1|40|60|138|
WAS|INDIAN TOWNSHIP|1-1|2|6|9|1|72|2|0|0|10|62|146|
WAS|JONESBORO|1-1|2|6|11|3|5|1|0|0|6|16|28|
WAS|JONESPORT|1-1|2|6|11|3|43|6|0|0|22|55|126|
WAS|LUBEC|1-1|2|6|10|2|60|2|0|1|25|127|215|
WAS|MACHIAS|1-1|2|6|11|2|143|22|0|0|72|211|448|
WAS|MACHIASPORT|1-1|2|6|10|3|28|5|0|1|37|72|143|
WAS|MARSHFIELD|1-1|2|6|10|1|9|4|0|0|11|18|42|
WAS|MEDDYBEMPS|1-1|2|6|9|1|1|1|0|0|1|3|6|
WAS|MILBRIDGE|1-1|2|6|11|3|38|7|0|0|35|58|138|
WAS|NORTHFIELD|1-1|2|6|10|1|1|0|0|0|3|2|6|
WAS|PEMBROKE|1-1|2|6|10|2|6|5|0|0|8|33|52|
WAS|PERRY|1-1|2|6|9|2|10|2|0|0|10|26|48|
WAS|PLEASANT POINT VOTING DISTRICT|1-1|2|6|9|2|51|3|0|1|10|88|153|
WAS|PRINCETON|1-1|2|6|10|1|6|1|0|0|6|24|37|
WAS|PRINCETON|1-2|2|6|10|1|10|0|0|0|13|23|46|
WAS|ROBBINSTON|1-1|2|6|9|1|16|4|1|0|16|30|67|
WAS|ROQUE BLUFFS|1-1|2|6|11|3|5|0|0|0|2|8|15|
WAS|STEUBEN|1-1|2|6|12|3|24|9|0|0|25|60|118|
WAS|TALMADGE|1-1|2|6|8|1|1|0|0|0|0|0|1|
WAS|TOPSFIELD|1-1|2|6|8|1|5|0|0|0|3|21|29|
WAS|VANCEBORO|1-1|2|6|8|1|2|0|0|0|1|11|14|
WAS|WAITE|1-1|2|6|8|1|1|0|0|0|6|3|10|
WAS|WESLEY|1-1|2|6|10|1|0|0|0|0|3|7|10|
WAS|WHITING|1-1|2|6|10|2|6|2|0|0|4|11|23|
WAS|WHITNEYVILLE|1-1|2|6|11|1|10|2|0|0|6|30|48|
YOR|ACTON|1-1|1|22|144|1|65|16|0|0|91|157|329|
YOR|ALFRED|1-1|1|33|136|4|57|10|0|0|53|106|226|
YOR|ALFRED|1-2|1|33|136|4|28|9|0|0|18|58|113|
YOR|ARUNDEL|1-1|1|32|140|2|115|15|0|0|112|270|512|
YOR|BERWICK|1-1|1|34|148|1|269|26|0|0|341|890|1526|
YOR|BIDDEFORD|1-1|1|32|133|2|10|1|0|0|5|6|22|
YOR|BIDDEFORD|1-1|1|32|134|2|222|30|0|0|69|190|511|
YOR|BIDDEFORD|2-1|1|32|132|2|149|31|0|1|49|245|475|
YOR|BIDDEFORD|2-1|1|32|133|2|18|1|0|0|15|22|56|
YOR|BIDDEFORD|3-1|1|32|132|2|17|2|0|0|15|33|67|
YOR|BIDDEFORD|3-1|1|32|133|2|30|5|0|0|12|37|84|
YOR|BIDDEFORD|3-1|1|32|134|2|40|4|0|0|12|37|93|
YOR|BIDDEFORD|4-1|1|32|132|2|120|14|0|0|41|140|315|
YOR|BIDDEFORD|4-1|1|32|133|2|11|2|0|0|8|4|25|
YOR|BIDDEFORD|5-1|1|32|132|2|129|20|0|0|59|176|384|
YOR|BIDDEFORD|5-1|1|32|133|2|56|8|0|0|20|60|144|
YOR|BIDDEFORD|6-1|1|32|132|2|5|2|0|0|4|9|20|
YOR|BIDDEFORD|6-1|1|32|133|2|104|9|0|0|49|152|314|
YOR|BIDDEFORD|7-1|1|32|132|2|2|1|0|0|2|4|9|
YOR|BIDDEFORD|7-1|1|32|133|2|80|10|0|0|30|106|226|
YOR|BUXTON|1-1|1|31|137|3|169|32|0|0|168|342|711|
YOR|BUXTON|1-1|1|31|138|3|46|7|0|0|44|115|212|
YOR|CORNISH|1-1|1|22|138|1|35|15|0|0|34|102|186|
YOR|DAYTON|1-1|1|32|140|4|43|9|0|0|41|119|212|
YOR|ELIOT|1-1|1|35|150|5|350|44|0|0|317|618|1329|
YOR|HOLLIS|1-1|1|32|137|3|58|15|0|0|63|118|254|
YOR|HOLLIS|1-1|1|32|138|3|42|6|0|0|45|88|181|
YOR|KENNEBUNK|1-1|1|34|135|2|55|9|1|0|69|170|304|
YOR|KENNEBUNK|1-2|1|34|134|2|60|5|0|0|90|144|299|
YOR|KENNEBUNK|1-2|1|34|135|2|145|11|0|0|123|303|582|
YOR|KENNEBUNKPORT|1-1|1|34|134|2|44|5|0|0|60|79|188|
YOR|KITTERY|1-1|1|35|150|5|41|1|0|0|19|50|111|
YOR|KITTERY|1-1|1|35|151|5|512|47|0|1|357|649|1566|
YOR|LEBANON|1-1|1|33|144|1|220|50|0|0|213|632|1115|
YOR|LIMERICK|1-1|1|22|139|4|70|15|0|0|70|177|332|
YOR|LIMINGTON|1-1|1|22|138|1|20|9|0|0|22|49|100|
YOR|LYMAN|1-1|1|32|136|4|71|8|0|0|48|130|257|
YOR|LYMAN|1-1|1|32|140|4|71|12|0|0|70|131|284|
YOR|NEWFIELD|1-1|1|22|141|1|37|10|0|0|56|98|201|
YOR|NORTH BERWICK|1-1|1|34|148|1|35|6|0|0|45|95|181|
YOR|NORTH BERWICK|1-1|1|34|149|1|101|18|0|0|106|253|478|
YOR|OGUNQUIT|1-1|1|35|146|5|29|3|0|1|9|54|96|
YOR|OLD ORCHARD BEACH|1-1|1|31|131|3|448|43|0|0|299|648|1438|
YOR|PARSONSFIELD|1-1|1|22|139|1|47|6|0|1|44|91|189|
YOR|SACO|1-1|1|31|129|3|82|7|0|0|73|123|285|
YOR|SACO|2-1|1|31|126|3|83|12|0|0|71|113|279|
YOR|SACO|3-1|1|31|130|3|102|17|0|0|63|161|343|
YOR|SACO|4-1|1|31|130|3|116|15|0|0|73|150|354|
YOR|SACO|5-1|1|31|129|3|102|13|0|0|58|132|305|
YOR|SACO|6-1|1|31|129|3|58|6|0|0|25|77|166|
YOR|SACO|6-1|1|31|130|3|63|10|0|0|34|103|210|
YOR|SACO|7-1|1|31|129|3|100|19|0|0|40|195|354|
YOR|SACO|7-1|1|31|130|3|23|11|0|0|20|50|104|
YOR|SANFORD|1-1|1|33|141|4|150|21|0|0|113|295|579|
YOR|SANFORD|1-1|1|33|142|4|263|45|0|0|170|662|1140|
YOR|SANFORD|1-1|1|33|143|4|256|45|0|0|184|497|982|
YOR|SHAPLEIGH|1-1|1|22|141|1|45|15|0|0|61|110|231|
YOR|SOUTH BERWICK|1-1|1|35|149|1|196|37|0|0|179|349|761|
YOR|SOUTH BERWICK|1-1|1|35|150|1|49|5|0|0|40|82|176|
YOR|WATERBORO|1-1|1|33|136|4|85|23|0|0|91|143|342|
YOR|WATERBORO|1-1|1|33|139|4|2|0|0|0|1|6|9|
YOR|WATERBORO|2-1|1|33|136|4|21|6|0|1|22|37|87|
YOR|WATERBORO|2-1|1|33|139|4|93|24|0|0|102|181|400|
YOR|WELLS|1-1|1|34|145|5|207|17|0|0|250|594|1068|
YOR|WELLS|1-1|1|34|146|5|104|6|0|0|82|160|352|
YOR|YORK|1-1|1|35|146|5|148|15|0|0|108|259|530|
YOR|YORK|1-1|1|35|147|5|341|28|0|0|296|611|1276|
