state,electionYear,jurisdictionCode,jurisdictionName,level,vendor,systemName,equipmentType,usage,paperRecord,standardSystem,accessibleSystem,absenteeSystem,pollBookSystem,tabulation,registeredVoters,precincts,pollingPlaces,sourceGranularity,uniformityWarningRequired,uniformityNote,configurationSignals,sourceDocumentId,sourceUrl,caveat
NE,2024,NE-001,Adams County,county,ES&S,ES&S ExpressVote +,Optical Scan,county_context,hand_marked_paper,"Hand marked paper ballots, BMDs for accessibility",Ballot Marking Devices for all voters,Batch-Fed Optical Scanners,Paper Poll Book,Optical Scan,18554,22,17,county,true,"Verifier row is a county-level summary. polling-place system reports multiple values: Hand marked paper ballots, BMDs for accessibility; accessible voting system differs from standard polling-place system; absentee system differs from standard polling-place system. Do not infer every precinct or ballot mode used one identical setup.","polling-place system reports multiple values: Hand marked paper ballots, BMDs for accessibility | accessible voting system differs from standard polling-place system | absentee system differs from standard polling-place system",verified-voting-verifier-ne-2024-equipment,https://verifiedvoting.org/verifier/#mode/navigate/map/voteEquip/mapType/ppEquip/year/2024/state/31,"Verified Voting Verifier data is jurisdiction-level election-administration context. Most rows are counties, but some states report state-level rows and some county rows can summarize mixed tabulation, accessible-device, absentee, poll-book, or other configurations. Treat it as source-linked context, not proof every precinct in a county used one identical setup, and not a turnout or vote-result source."
NE,2024,NE-003,Antelope County,county,ES&S,ES&S ExpressVote +,Optical Scan,county_context,hand_marked_paper,"Hand marked paper ballots, BMDs for accessibility",Ballot Marking Devices for all voters,Batch-Fed Optical Scanners,Paper Poll Book,Optical Scan,4261,8,8,county,true,"Verifier row is a county-level summary. polling-place system reports multiple values: Hand marked paper ballots, BMDs for accessibility; accessible voting system differs from standard polling-place system; absentee system differs from standard polling-place system. Do not infer every precinct or ballot mode used one identical setup.","polling-place system reports multiple values: Hand marked paper ballots, BMDs for accessibility | accessible voting system differs from standard polling-place system | absentee system differs from standard polling-place system",verified-voting-verifier-ne-2024-equipment,https://verifiedvoting.org/verifier/#mode/navigate/map/voteEquip/mapType/ppEquip/year/2024/state/31,"Verified Voting Verifier data is jurisdiction-level election-administration context. Most rows are counties, but some states report state-level rows and some county rows can summarize mixed tabulation, accessible-device, absentee, poll-book, or other configurations. Treat it as source-linked context, not proof every precinct in a county used one identical setup, and not a turnout or vote-result source."
NE,2024,NE-005,Arthur County,county,ES&S,ES&S ExpressVote +,Optical Scan,county_context,hand_marked_paper,"Hand marked paper ballots, BMDs for accessibility",Ballot Marking Devices for all voters,Hand-Fed Optical Scanners,Paper Poll Book,Optical Scan,335,1,1,county,true,"Verifier row is a county-level summary. polling-place system reports multiple values: Hand marked paper ballots, BMDs for accessibility; accessible voting system differs from standard polling-place system; absentee system differs from standard polling-place system. Do not infer every precinct or ballot mode used one identical setup.","polling-place system reports multiple values: Hand marked paper ballots, BMDs for accessibility | accessible voting system differs from standard polling-place system | absentee system differs from standard polling-place system",verified-voting-verifier-ne-2024-equipment,https://verifiedvoting.org/verifier/#mode/navigate/map/voteEquip/mapType/ppEquip/year/2024/state/31,"Verified Voting Verifier data is jurisdiction-level election-administration context. Most rows are counties, but some states report state-level rows and some county rows can summarize mixed tabulation, accessible-device, absentee, poll-book, or other configurations. Treat it as source-linked context, not proof every precinct in a county used one identical setup, and not a turnout or vote-result source."
NE,2024,NE-007,Banner County,county,ES&S,ES&S ExpressVote +,Optical Scan,county_context,hand_marked_paper,"Hand marked paper ballots, BMDs for accessibility",Ballot Marking Devices for all voters,Hand-Fed Optical Scanners,Paper Poll Book,Optical Scan,506,1,1,county,true,"Verifier row is a county-level summary. polling-place system reports multiple values: Hand marked paper ballots, BMDs for accessibility; accessible voting system differs from standard polling-place system; absentee system differs from standard polling-place system. Do not infer every precinct or ballot mode used one identical setup.","polling-place system reports multiple values: Hand marked paper ballots, BMDs for accessibility | accessible voting system differs from standard polling-place system | absentee system differs from standard polling-place system",verified-voting-verifier-ne-2024-equipment,https://verifiedvoting.org/verifier/#mode/navigate/map/voteEquip/mapType/ppEquip/year/2024/state/31,"Verified Voting Verifier data is jurisdiction-level election-administration context. Most rows are counties, but some states report state-level rows and some county rows can summarize mixed tabulation, accessible-device, absentee, poll-book, or other configurations. Treat it as source-linked context, not proof every precinct in a county used one identical setup, and not a turnout or vote-result source."
NE,2024,NE-009,Blaine County,county,ES&S,ES&S ExpressVote +,Optical Scan,county_context,hand_marked_paper,"Hand marked paper ballots, BMDs for accessibility",Ballot Marking Devices for all voters,Hand-Fed Optical Scanners,Paper Poll Book,Optical Scan,345,1,1,county,true,"Verifier row is a county-level summary. polling-place system reports multiple values: Hand marked paper ballots, BMDs for accessibility; accessible voting system differs from standard polling-place system; absentee system differs from standard polling-place system. Do not infer every precinct or ballot mode used one identical setup.","polling-place system reports multiple values: Hand marked paper ballots, BMDs for accessibility | accessible voting system differs from standard polling-place system | absentee system differs from standard polling-place system",verified-voting-verifier-ne-2024-equipment,https://verifiedvoting.org/verifier/#mode/navigate/map/voteEquip/mapType/ppEquip/year/2024/state/31,"Verified Voting Verifier data is jurisdiction-level election-administration context. Most rows are counties, but some states report state-level rows and some county rows can summarize mixed tabulation, accessible-device, absentee, poll-book, or other configurations. Treat it as source-linked context, not proof every precinct in a county used one identical setup, and not a turnout or vote-result source."
NE,2024,NE-011,Boone County,county,ES&S,ES&S ExpressVote +,Optical Scan,county_context,hand_marked_paper,"Hand marked paper ballots, BMDs for accessibility",Ballot Marking Devices for all voters,Batch-Fed Optical Scanners,Paper Poll Book,Optical Scan,3574,9,1,county,true,"Verifier row is a county-level summary. polling-place system reports multiple values: Hand marked paper ballots, BMDs for accessibility; accessible voting system differs from standard polling-place system; absentee system differs from standard polling-place system. Do not infer every precinct or ballot mode used one identical setup.","polling-place system reports multiple values: Hand marked paper ballots, BMDs for accessibility | accessible voting system differs from standard polling-place system | absentee system differs from standard polling-place system",verified-voting-verifier-ne-2024-equipment,https://verifiedvoting.org/verifier/#mode/navigate/map/voteEquip/mapType/ppEquip/year/2024/state/31,"Verified Voting Verifier data is jurisdiction-level election-administration context. Most rows are counties, but some states report state-level rows and some county rows can summarize mixed tabulation, accessible-device, absentee, poll-book, or other configurations. Treat it as source-linked context, not proof every precinct in a county used one identical setup, and not a turnout or vote-result source."
NE,2024,NE-013,Box Butte County,county,ES&S,ES&S ExpressVote +,Optical Scan,county_context,hand_marked_paper,"Hand marked paper ballots, BMDs for accessibility",Ballot Marking Devices for all voters,Batch-Fed Optical Scanners,Paper Poll Book,Optical Scan,6417,8,3,county,true,"Verifier row is a county-level summary. polling-place system reports multiple values: Hand marked paper ballots, BMDs for accessibility; accessible voting system differs from standard polling-place system; absentee system differs from standard polling-place system. Do not infer every precinct or ballot mode used one identical setup.","polling-place system reports multiple values: Hand marked paper ballots, BMDs for accessibility | accessible voting system differs from standard polling-place system | absentee system differs from standard polling-place system",verified-voting-verifier-ne-2024-equipment,https://verifiedvoting.org/verifier/#mode/navigate/map/voteEquip/mapType/ppEquip/year/2024/state/31,"Verified Voting Verifier data is jurisdiction-level election-administration context. Most rows are counties, but some states report state-level rows and some county rows can summarize mixed tabulation, accessible-device, absentee, poll-book, or other configurations. Treat it as source-linked context, not proof every precinct in a county used one identical setup, and not a turnout or vote-result source."
NE,2024,NE-015,Boyd County,county,ES&S,ES&S ExpressVote +,Optical Scan,county_context,hand_marked_paper,"Hand marked paper ballots, BMDs for accessibility",Ballot Marking Devices for all voters,Batch-Fed Optical Scanners,Paper Poll Book,Optical Scan,1268,3,3,county,true,"Verifier row is a county-level summary. polling-place system reports multiple values: Hand marked paper ballots, BMDs for accessibility; accessible voting system differs from standard polling-place system; absentee system differs from standard polling-place system. Do not infer every precinct or ballot mode used one identical setup.","polling-place system reports multiple values: Hand marked paper ballots, BMDs for accessibility | accessible voting system differs from standard polling-place system | absentee system differs from standard polling-place system",verified-voting-verifier-ne-2024-equipment,https://verifiedvoting.org/verifier/#mode/navigate/map/voteEquip/mapType/ppEquip/year/2024/state/31,"Verified Voting Verifier data is jurisdiction-level election-administration context. Most rows are counties, but some states report state-level rows and some county rows can summarize mixed tabulation, accessible-device, absentee, poll-book, or other configurations. Treat it as source-linked context, not proof every precinct in a county used one identical setup, and not a turnout or vote-result source."
NE,2024,NE-017,Brown County,county,ES&S,ES&S ExpressVote +,Optical Scan,county_context,hand_marked_paper,"Hand marked paper ballots, BMDs for accessibility",Ballot Marking Devices for all voters,Hand-Fed Optical Scanners,Paper Poll Book,Optical Scan,2011,3,1,county,true,"Verifier row is a county-level summary. polling-place system reports multiple values: Hand marked paper ballots, BMDs for accessibility; accessible voting system differs from standard polling-place system; absentee system differs from standard polling-place system. Do not infer every precinct or ballot mode used one identical setup.","polling-place system reports multiple values: Hand marked paper ballots, BMDs for accessibility | accessible voting system differs from standard polling-place system | absentee system differs from standard polling-place system",verified-voting-verifier-ne-2024-equipment,https://verifiedvoting.org/verifier/#mode/navigate/map/voteEquip/mapType/ppEquip/year/2024/state/31,"Verified Voting Verifier data is jurisdiction-level election-administration context. Most rows are counties, but some states report state-level rows and some county rows can summarize mixed tabulation, accessible-device, absentee, poll-book, or other configurations. Treat it as source-linked context, not proof every precinct in a county used one identical setup, and not a turnout or vote-result source."
NE,2024,NE-019,Buffalo County,county,ES&S,ES&S ExpressVote +,Optical Scan,county_context,hand_marked_paper,"Hand marked paper ballots, BMDs for accessibility",Ballot Marking Devices for all voters,Batch-Fed Optical Scanners,Paper Poll Book,Optical Scan,29913,28,26,county,true,"Verifier row is a county-level summary. polling-place system reports multiple values: Hand marked paper ballots, BMDs for accessibility; accessible voting system differs from standard polling-place system; absentee system differs from standard polling-place system. Do not infer every precinct or ballot mode used one identical setup.","polling-place system reports multiple values: Hand marked paper ballots, BMDs for accessibility | accessible voting system differs from standard polling-place system | absentee system differs from standard polling-place system",verified-voting-verifier-ne-2024-equipment,https://verifiedvoting.org/verifier/#mode/navigate/map/voteEquip/mapType/ppEquip/year/2024/state/31,"Verified Voting Verifier data is jurisdiction-level election-administration context. Most rows are counties, but some states report state-level rows and some county rows can summarize mixed tabulation, accessible-device, absentee, poll-book, or other configurations. Treat it as source-linked context, not proof every precinct in a county used one identical setup, and not a turnout or vote-result source."
NE,2024,NE-021,Burt County,county,ES&S,ES&S ExpressVote +,Optical Scan,county_context,hand_marked_paper,"Hand marked paper ballots, BMDs for accessibility",Ballot Marking Devices for all voters,Batch-Fed Optical Scanners,Paper Poll Book,Optical Scan,4686,11,5,county,true,"Verifier row is a county-level summary. polling-place system reports multiple values: Hand marked paper ballots, BMDs for accessibility; accessible voting system differs from standard polling-place system; absentee system differs from standard polling-place system. Do not infer every precinct or ballot mode used one identical setup.","polling-place system reports multiple values: Hand marked paper ballots, BMDs for accessibility | accessible voting system differs from standard polling-place system | absentee system differs from standard polling-place system",verified-voting-verifier-ne-2024-equipment,https://verifiedvoting.org/verifier/#mode/navigate/map/voteEquip/mapType/ppEquip/year/2024/state/31,"Verified Voting Verifier data is jurisdiction-level election-administration context. Most rows are counties, but some states report state-level rows and some county rows can summarize mixed tabulation, accessible-device, absentee, poll-book, or other configurations. Treat it as source-linked context, not proof every precinct in a county used one identical setup, and not a turnout or vote-result source."
NE,2024,NE-023,Butler County,county,ES&S,ES&S ExpressVote +,Optical Scan,county_context,hand_marked_paper,"Hand marked paper ballots, BMDs for accessibility",Ballot Marking Devices for all voters,Batch-Fed Optical Scanners,Paper Poll Book,Optical Scan,5559,11,7,county,true,"Verifier row is a county-level summary. polling-place system reports multiple values: Hand marked paper ballots, BMDs for accessibility; accessible voting system differs from standard polling-place system; absentee system differs from standard polling-place system. Do not infer every precinct or ballot mode used one identical setup.","polling-place system reports multiple values: Hand marked paper ballots, BMDs for accessibility | accessible voting system differs from standard polling-place system | absentee system differs from standard polling-place system",verified-voting-verifier-ne-2024-equipment,https://verifiedvoting.org/verifier/#mode/navigate/map/voteEquip/mapType/ppEquip/year/2024/state/31,"Verified Voting Verifier data is jurisdiction-level election-administration context. Most rows are counties, but some states report state-level rows and some county rows can summarize mixed tabulation, accessible-device, absentee, poll-book, or other configurations. Treat it as source-linked context, not proof every precinct in a county used one identical setup, and not a turnout or vote-result source."
NE,2024,NE-025,Cass County,county,ES&S,ES&S ExpressVote +,Optical Scan,county_context,hand_marked_paper,"Hand marked paper ballots, BMDs for accessibility",Ballot Marking Devices for all voters,Batch-Fed Optical Scanners,Paper Poll Book,Optical Scan,18994,30,25,county,true,"Verifier row is a county-level summary. polling-place system reports multiple values: Hand marked paper ballots, BMDs for accessibility; accessible voting system differs from standard polling-place system; absentee system differs from standard polling-place system. Do not infer every precinct or ballot mode used one identical setup.","polling-place system reports multiple values: Hand marked paper ballots, BMDs for accessibility | accessible voting system differs from standard polling-place system | absentee system differs from standard polling-place system",verified-voting-verifier-ne-2024-equipment,https://verifiedvoting.org/verifier/#mode/navigate/map/voteEquip/mapType/ppEquip/year/2024/state/31,"Verified Voting Verifier data is jurisdiction-level election-administration context. Most rows are counties, but some states report state-level rows and some county rows can summarize mixed tabulation, accessible-device, absentee, poll-book, or other configurations. Treat it as source-linked context, not proof every precinct in a county used one identical setup, and not a turnout or vote-result source."
NE,2024,NE-027,Cedar County,county,ES&S,ES&S ExpressVote +,Optical Scan,county_context,hand_marked_paper,"Hand marked paper ballots, BMDs for accessibility",Ballot Marking Devices for all voters,Batch-Fed Optical Scanners,Paper Poll Book,Optical Scan,5663,13,1,county,true,"Verifier row is a county-level summary. polling-place system reports multiple values: Hand marked paper ballots, BMDs for accessibility; accessible voting system differs from standard polling-place system; absentee system differs from standard polling-place system. Do not infer every precinct or ballot mode used one identical setup.","polling-place system reports multiple values: Hand marked paper ballots, BMDs for accessibility | accessible voting system differs from standard polling-place system | absentee system differs from standard polling-place system",verified-voting-verifier-ne-2024-equipment,https://verifiedvoting.org/verifier/#mode/navigate/map/voteEquip/mapType/ppEquip/year/2024/state/31,"Verified Voting Verifier data is jurisdiction-level election-administration context. Most rows are counties, but some states report state-level rows and some county rows can summarize mixed tabulation, accessible-device, absentee, poll-book, or other configurations. Treat it as source-linked context, not proof every precinct in a county used one identical setup, and not a turnout or vote-result source."
NE,2024,NE-029,Chase County,county,ES&S,ES&S ExpressVote +,Optical Scan,county_context,hand_marked_paper,"Hand marked paper ballots, BMDs for accessibility",Ballot Marking Devices for all voters,Hand-Fed Optical Scanners,Paper Poll Book,Optical Scan,2320,5,5,county,true,"Verifier row is a county-level summary. polling-place system reports multiple values: Hand marked paper ballots, BMDs for accessibility; accessible voting system differs from standard polling-place system; absentee system differs from standard polling-place system. Do not infer every precinct or ballot mode used one identical setup.","polling-place system reports multiple values: Hand marked paper ballots, BMDs for accessibility | accessible voting system differs from standard polling-place system | absentee system differs from standard polling-place system",verified-voting-verifier-ne-2024-equipment,https://verifiedvoting.org/verifier/#mode/navigate/map/voteEquip/mapType/ppEquip/year/2024/state/31,"Verified Voting Verifier data is jurisdiction-level election-administration context. Most rows are counties, but some states report state-level rows and some county rows can summarize mixed tabulation, accessible-device, absentee, poll-book, or other configurations. Treat it as source-linked context, not proof every precinct in a county used one identical setup, and not a turnout or vote-result source."
NE,2024,NE-031,Cherry County,county,ES&S,ES&S ExpressVote +,Optical Scan,county_context,hand_marked_paper,"Hand marked paper ballots, BMDs for accessibility",Ballot Marking Devices for all voters,Batch-Fed Optical Scanners,Paper Poll Book,Optical Scan,3552,10,1,county,true,"Verifier row is a county-level summary. polling-place system reports multiple values: Hand marked paper ballots, BMDs for accessibility; accessible voting system differs from standard polling-place system; absentee system differs from standard polling-place system. Do not infer every precinct or ballot mode used one identical setup.","polling-place system reports multiple values: Hand marked paper ballots, BMDs for accessibility | accessible voting system differs from standard polling-place system | absentee system differs from standard polling-place system",verified-voting-verifier-ne-2024-equipment,https://verifiedvoting.org/verifier/#mode/navigate/map/voteEquip/mapType/ppEquip/year/2024/state/31,"Verified Voting Verifier data is jurisdiction-level election-administration context. Most rows are counties, but some states report state-level rows and some county rows can summarize mixed tabulation, accessible-device, absentee, poll-book, or other configurations. Treat it as source-linked context, not proof every precinct in a county used one identical setup, and not a turnout or vote-result source."
NE,2024,NE-033,Cheyenne County,county,ES&S,ES&S ExpressVote +,Optical Scan,county_context,hand_marked_paper,"Hand marked paper ballots, BMDs for accessibility",Ballot Marking Devices for all voters,Batch-Fed Optical Scanners,Paper Poll Book,Optical Scan,5960,9,5,county,true,"Verifier row is a county-level summary. polling-place system reports multiple values: Hand marked paper ballots, BMDs for accessibility; accessible voting system differs from standard polling-place system; absentee system differs from standard polling-place system. Do not infer every precinct or ballot mode used one identical setup.","polling-place system reports multiple values: Hand marked paper ballots, BMDs for accessibility | accessible voting system differs from standard polling-place system | absentee system differs from standard polling-place system",verified-voting-verifier-ne-2024-equipment,https://verifiedvoting.org/verifier/#mode/navigate/map/voteEquip/mapType/ppEquip/year/2024/state/31,"Verified Voting Verifier data is jurisdiction-level election-administration context. Most rows are counties, but some states report state-level rows and some county rows can summarize mixed tabulation, accessible-device, absentee, poll-book, or other configurations. Treat it as source-linked context, not proof every precinct in a county used one identical setup, and not a turnout or vote-result source."
NE,2024,NE-035,Clay County,county,ES&S,ES&S ExpressVote +,Optical Scan,county_context,hand_marked_paper,"Hand marked paper ballots, BMDs for accessibility",Ballot Marking Devices for all voters,Batch-Fed Optical Scanners,Paper Poll Book,Optical Scan,4018,11,1,county,true,"Verifier row is a county-level summary. polling-place system reports multiple values: Hand marked paper ballots, BMDs for accessibility; accessible voting system differs from standard polling-place system; absentee system differs from standard polling-place system. Do not infer every precinct or ballot mode used one identical setup.","polling-place system reports multiple values: Hand marked paper ballots, BMDs for accessibility | accessible voting system differs from standard polling-place system | absentee system differs from standard polling-place system",verified-voting-verifier-ne-2024-equipment,https://verifiedvoting.org/verifier/#mode/navigate/map/voteEquip/mapType/ppEquip/year/2024/state/31,"Verified Voting Verifier data is jurisdiction-level election-administration context. Most rows are counties, but some states report state-level rows and some county rows can summarize mixed tabulation, accessible-device, absentee, poll-book, or other configurations. Treat it as source-linked context, not proof every precinct in a county used one identical setup, and not a turnout or vote-result source."
NE,2024,NE-037,Colfax County,county,ES&S,ES&S ExpressVote +,Optical Scan,county_context,hand_marked_paper,"Hand marked paper ballots, BMDs for accessibility",Ballot Marking Devices for all voters,Batch-Fed Optical Scanners,Paper Poll Book,Optical Scan,4943,5,5,county,true,"Verifier row is a county-level summary. polling-place system reports multiple values: Hand marked paper ballots, BMDs for accessibility; accessible voting system differs from standard polling-place system; absentee system differs from standard polling-place system. Do not infer every precinct or ballot mode used one identical setup.","polling-place system reports multiple values: Hand marked paper ballots, BMDs for accessibility | accessible voting system differs from standard polling-place system | absentee system differs from standard polling-place system",verified-voting-verifier-ne-2024-equipment,https://verifiedvoting.org/verifier/#mode/navigate/map/voteEquip/mapType/ppEquip/year/2024/state/31,"Verified Voting Verifier data is jurisdiction-level election-administration context. Most rows are counties, but some states report state-level rows and some county rows can summarize mixed tabulation, accessible-device, absentee, poll-book, or other configurations. Treat it as source-linked context, not proof every precinct in a county used one identical setup, and not a turnout or vote-result source."
NE,2024,NE-039,Cuming County,county,ES&S,ES&S ExpressVote +,Optical Scan,county_context,hand_marked_paper,"Hand marked paper ballots, BMDs for accessibility",Ballot Marking Devices for all voters,Batch-Fed Optical Scanners,Paper Poll Book,Optical Scan,5550,6,5,county,true,"Verifier row is a county-level summary. polling-place system reports multiple values: Hand marked paper ballots, BMDs for accessibility; accessible voting system differs from standard polling-place system; absentee system differs from standard polling-place system. Do not infer every precinct or ballot mode used one identical setup.","polling-place system reports multiple values: Hand marked paper ballots, BMDs for accessibility | accessible voting system differs from standard polling-place system | absentee system differs from standard polling-place system",verified-voting-verifier-ne-2024-equipment,https://verifiedvoting.org/verifier/#mode/navigate/map/voteEquip/mapType/ppEquip/year/2024/state/31,"Verified Voting Verifier data is jurisdiction-level election-administration context. Most rows are counties, but some states report state-level rows and some county rows can summarize mixed tabulation, accessible-device, absentee, poll-book, or other configurations. Treat it as source-linked context, not proof every precinct in a county used one identical setup, and not a turnout or vote-result source."
NE,2024,NE-041,Custer County,county,ES&S,ES&S ExpressVote +,Optical Scan,county_context,hand_marked_paper,"Hand marked paper ballots, BMDs for accessibility",Ballot Marking Devices for all voters,Batch-Fed Optical Scanners,Paper Poll Book,Optical Scan,7375,18,11,county,true,"Verifier row is a county-level summary. polling-place system reports multiple values: Hand marked paper ballots, BMDs for accessibility; accessible voting system differs from standard polling-place system; absentee system differs from standard polling-place system. Do not infer every precinct or ballot mode used one identical setup.","polling-place system reports multiple values: Hand marked paper ballots, BMDs for accessibility | accessible voting system differs from standard polling-place system | absentee system differs from standard polling-place system",verified-voting-verifier-ne-2024-equipment,https://verifiedvoting.org/verifier/#mode/navigate/map/voteEquip/mapType/ppEquip/year/2024/state/31,"Verified Voting Verifier data is jurisdiction-level election-administration context. Most rows are counties, but some states report state-level rows and some county rows can summarize mixed tabulation, accessible-device, absentee, poll-book, or other configurations. Treat it as source-linked context, not proof every precinct in a county used one identical setup, and not a turnout or vote-result source."
NE,2024,NE-043,Dakota County,county,ES&S,ES&S ExpressVote +,Optical Scan,county_context,hand_marked_paper,"Hand marked paper ballots, BMDs for accessibility",Ballot Marking Devices for all voters,Batch-Fed Optical Scanners,Paper Poll Book,Optical Scan,9679,12,12,county,true,"Verifier row is a county-level summary. polling-place system reports multiple values: Hand marked paper ballots, BMDs for accessibility; accessible voting system differs from standard polling-place system; absentee system differs from standard polling-place system. Do not infer every precinct or ballot mode used one identical setup.","polling-place system reports multiple values: Hand marked paper ballots, BMDs for accessibility | accessible voting system differs from standard polling-place system | absentee system differs from standard polling-place system",verified-voting-verifier-ne-2024-equipment,https://verifiedvoting.org/verifier/#mode/navigate/map/voteEquip/mapType/ppEquip/year/2024/state/31,"Verified Voting Verifier data is jurisdiction-level election-administration context. Most rows are counties, but some states report state-level rows and some county rows can summarize mixed tabulation, accessible-device, absentee, poll-book, or other configurations. Treat it as source-linked context, not proof every precinct in a county used one identical setup, and not a turnout or vote-result source."
NE,2024,NE-045,Dawes County,county,ES&S,ES&S ExpressVote +,Optical Scan,county_context,hand_marked_paper,"Hand marked paper ballots, BMDs for accessibility",Ballot Marking Devices for all voters,Batch-Fed Optical Scanners,Paper Poll Book,Optical Scan,4652,11,1,county,true,"Verifier row is a county-level summary. polling-place system reports multiple values: Hand marked paper ballots, BMDs for accessibility; accessible voting system differs from standard polling-place system; absentee system differs from standard polling-place system. Do not infer every precinct or ballot mode used one identical setup.","polling-place system reports multiple values: Hand marked paper ballots, BMDs for accessibility | accessible voting system differs from standard polling-place system | absentee system differs from standard polling-place system",verified-voting-verifier-ne-2024-equipment,https://verifiedvoting.org/verifier/#mode/navigate/map/voteEquip/mapType/ppEquip/year/2024/state/31,"Verified Voting Verifier data is jurisdiction-level election-administration context. Most rows are counties, but some states report state-level rows and some county rows can summarize mixed tabulation, accessible-device, absentee, poll-book, or other configurations. Treat it as source-linked context, not proof every precinct in a county used one identical setup, and not a turnout or vote-result source."
NE,2024,NE-047,Dawson County,county,ES&S,ES&S ExpressVote +,Optical Scan,county_context,hand_marked_paper,"Hand marked paper ballots, BMDs for accessibility",Ballot Marking Devices for all voters,Batch-Fed Optical Scanners,Paper Poll Book,Optical Scan,12304,20,17,county,true,"Verifier row is a county-level summary. polling-place system reports multiple values: Hand marked paper ballots, BMDs for accessibility; accessible voting system differs from standard polling-place system; absentee system differs from standard polling-place system. Do not infer every precinct or ballot mode used one identical setup.","polling-place system reports multiple values: Hand marked paper ballots, BMDs for accessibility | accessible voting system differs from standard polling-place system | absentee system differs from standard polling-place system",verified-voting-verifier-ne-2024-equipment,https://verifiedvoting.org/verifier/#mode/navigate/map/voteEquip/mapType/ppEquip/year/2024/state/31,"Verified Voting Verifier data is jurisdiction-level election-administration context. Most rows are counties, but some states report state-level rows and some county rows can summarize mixed tabulation, accessible-device, absentee, poll-book, or other configurations. Treat it as source-linked context, not proof every precinct in a county used one identical setup, and not a turnout or vote-result source."
NE,2024,NE-049,Deuel County,county,ES&S,ES&S ExpressVote +,Optical Scan,county_context,hand_marked_paper,"Hand marked paper ballots, BMDs for accessibility",Ballot Marking Devices for all voters,Batch-Fed Optical Scanners,Paper Poll Book,Optical Scan,1327,3,2,county,true,"Verifier row is a county-level summary. polling-place system reports multiple values: Hand marked paper ballots, BMDs for accessibility; accessible voting system differs from standard polling-place system; absentee system differs from standard polling-place system. Do not infer every precinct or ballot mode used one identical setup.","polling-place system reports multiple values: Hand marked paper ballots, BMDs for accessibility | accessible voting system differs from standard polling-place system | absentee system differs from standard polling-place system",verified-voting-verifier-ne-2024-equipment,https://verifiedvoting.org/verifier/#mode/navigate/map/voteEquip/mapType/ppEquip/year/2024/state/31,"Verified Voting Verifier data is jurisdiction-level election-administration context. Most rows are counties, but some states report state-level rows and some county rows can summarize mixed tabulation, accessible-device, absentee, poll-book, or other configurations. Treat it as source-linked context, not proof every precinct in a county used one identical setup, and not a turnout or vote-result source."
NE,2024,NE-051,Dixon County,county,ES&S,ES&S ExpressVote +,Optical Scan,county_context,hand_marked_paper,"Hand marked paper ballots, BMDs for accessibility",Ballot Marking Devices for all voters,Batch-Fed Optical Scanners,Paper Poll Book,Optical Scan,3448,10,1,county,true,"Verifier row is a county-level summary. polling-place system reports multiple values: Hand marked paper ballots, BMDs for accessibility; accessible voting system differs from standard polling-place system; absentee system differs from standard polling-place system. Do not infer every precinct or ballot mode used one identical setup.","polling-place system reports multiple values: Hand marked paper ballots, BMDs for accessibility | accessible voting system differs from standard polling-place system | absentee system differs from standard polling-place system",verified-voting-verifier-ne-2024-equipment,https://verifiedvoting.org/verifier/#mode/navigate/map/voteEquip/mapType/ppEquip/year/2024/state/31,"Verified Voting Verifier data is jurisdiction-level election-administration context. Most rows are counties, but some states report state-level rows and some county rows can summarize mixed tabulation, accessible-device, absentee, poll-book, or other configurations. Treat it as source-linked context, not proof every precinct in a county used one identical setup, and not a turnout or vote-result source."
NE,2024,NE-053,Dodge County,county,ES&S,ES&S ExpressVote +,Optical Scan,county_context,hand_marked_paper,"Hand marked paper ballots, BMDs for accessibility",Ballot Marking Devices for all voters,Batch-Fed Optical Scanners,Paper Poll Book,Optical Scan,21186,32,25,county,true,"Verifier row is a county-level summary. polling-place system reports multiple values: Hand marked paper ballots, BMDs for accessibility; accessible voting system differs from standard polling-place system; absentee system differs from standard polling-place system. Do not infer every precinct or ballot mode used one identical setup.","polling-place system reports multiple values: Hand marked paper ballots, BMDs for accessibility | accessible voting system differs from standard polling-place system | absentee system differs from standard polling-place system",verified-voting-verifier-ne-2024-equipment,https://verifiedvoting.org/verifier/#mode/navigate/map/voteEquip/mapType/ppEquip/year/2024/state/31,"Verified Voting Verifier data is jurisdiction-level election-administration context. Most rows are counties, but some states report state-level rows and some county rows can summarize mixed tabulation, accessible-device, absentee, poll-book, or other configurations. Treat it as source-linked context, not proof every precinct in a county used one identical setup, and not a turnout or vote-result source."
NE,2024,NE-055,Douglas County,county,ES&S,ES&S ExpressVote +,Optical Scan,county_context,hand_marked_paper,"Hand marked paper ballots, BMDs for accessibility",Ballot Marking Devices for all voters,Batch-Fed Optical Scanners,Paper Poll Book,Optical Scan,344771,233,207,county,true,"Verifier row is a county-level summary. polling-place system reports multiple values: Hand marked paper ballots, BMDs for accessibility; accessible voting system differs from standard polling-place system; absentee system differs from standard polling-place system. Do not infer every precinct or ballot mode used one identical setup.","polling-place system reports multiple values: Hand marked paper ballots, BMDs for accessibility | accessible voting system differs from standard polling-place system | absentee system differs from standard polling-place system",verified-voting-verifier-ne-2024-equipment,https://verifiedvoting.org/verifier/#mode/navigate/map/voteEquip/mapType/ppEquip/year/2024/state/31,"Verified Voting Verifier data is jurisdiction-level election-administration context. Most rows are counties, but some states report state-level rows and some county rows can summarize mixed tabulation, accessible-device, absentee, poll-book, or other configurations. Treat it as source-linked context, not proof every precinct in a county used one identical setup, and not a turnout or vote-result source."
NE,2024,NE-057,Dundy County,county,ES&S,ES&S ExpressVote +,Optical Scan,county_context,hand_marked_paper,"Hand marked paper ballots, BMDs for accessibility",Ballot Marking Devices for all voters,Hand-Fed Optical Scanners,Paper Poll Book,Optical Scan,1165,4,4,county,true,"Verifier row is a county-level summary. polling-place system reports multiple values: Hand marked paper ballots, BMDs for accessibility; accessible voting system differs from standard polling-place system; absentee system differs from standard polling-place system. Do not infer every precinct or ballot mode used one identical setup.","polling-place system reports multiple values: Hand marked paper ballots, BMDs for accessibility | accessible voting system differs from standard polling-place system | absentee system differs from standard polling-place system",verified-voting-verifier-ne-2024-equipment,https://verifiedvoting.org/verifier/#mode/navigate/map/voteEquip/mapType/ppEquip/year/2024/state/31,"Verified Voting Verifier data is jurisdiction-level election-administration context. Most rows are counties, but some states report state-level rows and some county rows can summarize mixed tabulation, accessible-device, absentee, poll-book, or other configurations. Treat it as source-linked context, not proof every precinct in a county used one identical setup, and not a turnout or vote-result source."
NE,2024,NE-059,Fillmore County,county,ES&S,ES&S ExpressVote +,Optical Scan,county_context,hand_marked_paper,"Hand marked paper ballots, BMDs for accessibility",Ballot Marking Devices for all voters,Batch-Fed Optical Scanners,Paper Poll Book,Optical Scan,3851,7,6,county,true,"Verifier row is a county-level summary. polling-place system reports multiple values: Hand marked paper ballots, BMDs for accessibility; accessible voting system differs from standard polling-place system; absentee system differs from standard polling-place system. Do not infer every precinct or ballot mode used one identical setup.","polling-place system reports multiple values: Hand marked paper ballots, BMDs for accessibility | accessible voting system differs from standard polling-place system | absentee system differs from standard polling-place system",verified-voting-verifier-ne-2024-equipment,https://verifiedvoting.org/verifier/#mode/navigate/map/voteEquip/mapType/ppEquip/year/2024/state/31,"Verified Voting Verifier data is jurisdiction-level election-administration context. Most rows are counties, but some states report state-level rows and some county rows can summarize mixed tabulation, accessible-device, absentee, poll-book, or other configurations. Treat it as source-linked context, not proof every precinct in a county used one identical setup, and not a turnout or vote-result source."
NE,2024,NE-061,Franklin County,county,ES&S,ES&S ExpressVote +,Optical Scan,county_context,hand_marked_paper,"Hand marked paper ballots, BMDs for accessibility",Ballot Marking Devices for all voters,Batch-Fed Optical Scanners,Paper Poll Book,Optical Scan,2029,4,4,county,true,"Verifier row is a county-level summary. polling-place system reports multiple values: Hand marked paper ballots, BMDs for accessibility; accessible voting system differs from standard polling-place system; absentee system differs from standard polling-place system. Do not infer every precinct or ballot mode used one identical setup.","polling-place system reports multiple values: Hand marked paper ballots, BMDs for accessibility | accessible voting system differs from standard polling-place system | absentee system differs from standard polling-place system",verified-voting-verifier-ne-2024-equipment,https://verifiedvoting.org/verifier/#mode/navigate/map/voteEquip/mapType/ppEquip/year/2024/state/31,"Verified Voting Verifier data is jurisdiction-level election-administration context. Most rows are counties, but some states report state-level rows and some county rows can summarize mixed tabulation, accessible-device, absentee, poll-book, or other configurations. Treat it as source-linked context, not proof every precinct in a county used one identical setup, and not a turnout or vote-result source."
NE,2024,NE-063,Frontier County,county,ES&S,ES&S ExpressVote +,Optical Scan,county_context,hand_marked_paper,"Hand marked paper ballots, BMDs for accessibility",Ballot Marking Devices for all voters,Hand-Fed Optical Scanners,Paper Poll Book,Optical Scan,1778,5,5,county,true,"Verifier row is a county-level summary. polling-place system reports multiple values: Hand marked paper ballots, BMDs for accessibility; accessible voting system differs from standard polling-place system; absentee system differs from standard polling-place system. Do not infer every precinct or ballot mode used one identical setup.","polling-place system reports multiple values: Hand marked paper ballots, BMDs for accessibility | accessible voting system differs from standard polling-place system | absentee system differs from standard polling-place system",verified-voting-verifier-ne-2024-equipment,https://verifiedvoting.org/verifier/#mode/navigate/map/voteEquip/mapType/ppEquip/year/2024/state/31,"Verified Voting Verifier data is jurisdiction-level election-administration context. Most rows are counties, but some states report state-level rows and some county rows can summarize mixed tabulation, accessible-device, absentee, poll-book, or other configurations. Treat it as source-linked context, not proof every precinct in a county used one identical setup, and not a turnout or vote-result source."
NE,2024,NE-065,Furnas County,county,ES&S,ES&S ExpressVote +,Optical Scan,county_context,hand_marked_paper,"Hand marked paper ballots, BMDs for accessibility",Ballot Marking Devices for all voters,Batch-Fed Optical Scanners,Paper Poll Book,Optical Scan,3204,8,8,county,true,"Verifier row is a county-level summary. polling-place system reports multiple values: Hand marked paper ballots, BMDs for accessibility; accessible voting system differs from standard polling-place system; absentee system differs from standard polling-place system. Do not infer every precinct or ballot mode used one identical setup.","polling-place system reports multiple values: Hand marked paper ballots, BMDs for accessibility | accessible voting system differs from standard polling-place system | absentee system differs from standard polling-place system",verified-voting-verifier-ne-2024-equipment,https://verifiedvoting.org/verifier/#mode/navigate/map/voteEquip/mapType/ppEquip/year/2024/state/31,"Verified Voting Verifier data is jurisdiction-level election-administration context. Most rows are counties, but some states report state-level rows and some county rows can summarize mixed tabulation, accessible-device, absentee, poll-book, or other configurations. Treat it as source-linked context, not proof every precinct in a county used one identical setup, and not a turnout or vote-result source."
NE,2024,NE-067,Gage County,county,ES&S,ES&S ExpressVote +,Optical Scan,county_context,hand_marked_paper,"Hand marked paper ballots, BMDs for accessibility",Ballot Marking Devices for all voters,Batch-Fed Optical Scanners,Paper Poll Book,Optical Scan,14006,10,9,county,true,"Verifier row is a county-level summary. polling-place system reports multiple values: Hand marked paper ballots, BMDs for accessibility; accessible voting system differs from standard polling-place system; absentee system differs from standard polling-place system. Do not infer every precinct or ballot mode used one identical setup.","polling-place system reports multiple values: Hand marked paper ballots, BMDs for accessibility | accessible voting system differs from standard polling-place system | absentee system differs from standard polling-place system",verified-voting-verifier-ne-2024-equipment,https://verifiedvoting.org/verifier/#mode/navigate/map/voteEquip/mapType/ppEquip/year/2024/state/31,"Verified Voting Verifier data is jurisdiction-level election-administration context. Most rows are counties, but some states report state-level rows and some county rows can summarize mixed tabulation, accessible-device, absentee, poll-book, or other configurations. Treat it as source-linked context, not proof every precinct in a county used one identical setup, and not a turnout or vote-result source."
NE,2024,NE-069,Garden County,county,ES&S,ES&S ExpressVote +,Optical Scan,county_context,hand_marked_paper,"Hand marked paper ballots, BMDs for accessibility",Ballot Marking Devices for all voters,Batch-Fed Optical Scanners,Paper Poll Book,Optical Scan,1306,4,1,county,true,"Verifier row is a county-level summary. polling-place system reports multiple values: Hand marked paper ballots, BMDs for accessibility; accessible voting system differs from standard polling-place system; absentee system differs from standard polling-place system. Do not infer every precinct or ballot mode used one identical setup.","polling-place system reports multiple values: Hand marked paper ballots, BMDs for accessibility | accessible voting system differs from standard polling-place system | absentee system differs from standard polling-place system",verified-voting-verifier-ne-2024-equipment,https://verifiedvoting.org/verifier/#mode/navigate/map/voteEquip/mapType/ppEquip/year/2024/state/31,"Verified Voting Verifier data is jurisdiction-level election-administration context. Most rows are counties, but some states report state-level rows and some county rows can summarize mixed tabulation, accessible-device, absentee, poll-book, or other configurations. Treat it as source-linked context, not proof every precinct in a county used one identical setup, and not a turnout or vote-result source."
NE,2024,NE-071,Garfield County,county,ES&S,ES&S ExpressVote +,Optical Scan,county_context,hand_marked_paper,"Hand marked paper ballots, BMDs for accessibility",Ballot Marking Devices for all voters,Hand-Fed Optical Scanners,Paper Poll Book,Optical Scan,1258,2,1,county,true,"Verifier row is a county-level summary. polling-place system reports multiple values: Hand marked paper ballots, BMDs for accessibility; accessible voting system differs from standard polling-place system; absentee system differs from standard polling-place system. Do not infer every precinct or ballot mode used one identical setup.","polling-place system reports multiple values: Hand marked paper ballots, BMDs for accessibility | accessible voting system differs from standard polling-place system | absentee system differs from standard polling-place system",verified-voting-verifier-ne-2024-equipment,https://verifiedvoting.org/verifier/#mode/navigate/map/voteEquip/mapType/ppEquip/year/2024/state/31,"Verified Voting Verifier data is jurisdiction-level election-administration context. Most rows are counties, but some states report state-level rows and some county rows can summarize mixed tabulation, accessible-device, absentee, poll-book, or other configurations. Treat it as source-linked context, not proof every precinct in a county used one identical setup, and not a turnout or vote-result source."
NE,2024,NE-073,Gosper County,county,ES&S,ES&S ExpressVote +,Optical Scan,county_context,hand_marked_paper,"Hand marked paper ballots, BMDs for accessibility",Ballot Marking Devices for all voters,Batch-Fed Optical Scanners,Paper Poll Book,Optical Scan,1383,3,3,county,true,"Verifier row is a county-level summary. polling-place system reports multiple values: Hand marked paper ballots, BMDs for accessibility; accessible voting system differs from standard polling-place system; absentee system differs from standard polling-place system. Do not infer every precinct or ballot mode used one identical setup.","polling-place system reports multiple values: Hand marked paper ballots, BMDs for accessibility | accessible voting system differs from standard polling-place system | absentee system differs from standard polling-place system",verified-voting-verifier-ne-2024-equipment,https://verifiedvoting.org/verifier/#mode/navigate/map/voteEquip/mapType/ppEquip/year/2024/state/31,"Verified Voting Verifier data is jurisdiction-level election-administration context. Most rows are counties, but some states report state-level rows and some county rows can summarize mixed tabulation, accessible-device, absentee, poll-book, or other configurations. Treat it as source-linked context, not proof every precinct in a county used one identical setup, and not a turnout or vote-result source."
NE,2024,NE-075,Grant County,county,ES&S,ES&S ExpressVote +,Optical Scan,county_context,hand_marked_paper,"Hand marked paper ballots, BMDs for accessibility",Ballot Marking Devices for all voters,Hand-Fed Optical Scanners,Paper Poll Book,Optical Scan,438,1,1,county,true,"Verifier row is a county-level summary. polling-place system reports multiple values: Hand marked paper ballots, BMDs for accessibility; accessible voting system differs from standard polling-place system; absentee system differs from standard polling-place system. Do not infer every precinct or ballot mode used one identical setup.","polling-place system reports multiple values: Hand marked paper ballots, BMDs for accessibility | accessible voting system differs from standard polling-place system | absentee system differs from standard polling-place system",verified-voting-verifier-ne-2024-equipment,https://verifiedvoting.org/verifier/#mode/navigate/map/voteEquip/mapType/ppEquip/year/2024/state/31,"Verified Voting Verifier data is jurisdiction-level election-administration context. Most rows are counties, but some states report state-level rows and some county rows can summarize mixed tabulation, accessible-device, absentee, poll-book, or other configurations. Treat it as source-linked context, not proof every precinct in a county used one identical setup, and not a turnout or vote-result source."
NE,2024,NE-077,Greeley County,county,ES&S,ES&S ExpressVote +,Optical Scan,county_context,hand_marked_paper,"Hand marked paper ballots, BMDs for accessibility",Ballot Marking Devices for all voters,Batch-Fed Optical Scanners,Paper Poll Book,Optical Scan,1533,4,4,county,true,"Verifier row is a county-level summary. polling-place system reports multiple values: Hand marked paper ballots, BMDs for accessibility; accessible voting system differs from standard polling-place system; absentee system differs from standard polling-place system. Do not infer every precinct or ballot mode used one identical setup.","polling-place system reports multiple values: Hand marked paper ballots, BMDs for accessibility | accessible voting system differs from standard polling-place system | absentee system differs from standard polling-place system",verified-voting-verifier-ne-2024-equipment,https://verifiedvoting.org/verifier/#mode/navigate/map/voteEquip/mapType/ppEquip/year/2024/state/31,"Verified Voting Verifier data is jurisdiction-level election-administration context. Most rows are counties, but some states report state-level rows and some county rows can summarize mixed tabulation, accessible-device, absentee, poll-book, or other configurations. Treat it as source-linked context, not proof every precinct in a county used one identical setup, and not a turnout or vote-result source."
NE,2024,NE-079,Hall County,county,ES&S,ES&S ExpressVote +,Optical Scan,county_context,hand_marked_paper,"Hand marked paper ballots, BMDs for accessibility",Ballot Marking Devices for all voters,Batch-Fed Optical Scanners,Paper Poll Book,Optical Scan,31577,24,24,county,true,"Verifier row is a county-level summary. polling-place system reports multiple values: Hand marked paper ballots, BMDs for accessibility; accessible voting system differs from standard polling-place system; absentee system differs from standard polling-place system. Do not infer every precinct or ballot mode used one identical setup.","polling-place system reports multiple values: Hand marked paper ballots, BMDs for accessibility | accessible voting system differs from standard polling-place system | absentee system differs from standard polling-place system",verified-voting-verifier-ne-2024-equipment,https://verifiedvoting.org/verifier/#mode/navigate/map/voteEquip/mapType/ppEquip/year/2024/state/31,"Verified Voting Verifier data is jurisdiction-level election-administration context. Most rows are counties, but some states report state-level rows and some county rows can summarize mixed tabulation, accessible-device, absentee, poll-book, or other configurations. Treat it as source-linked context, not proof every precinct in a county used one identical setup, and not a turnout or vote-result source."
NE,2024,NE-081,Hamilton County,county,ES&S,ES&S ExpressVote +,Optical Scan,county_context,hand_marked_paper,"Hand marked paper ballots, BMDs for accessibility",Ballot Marking Devices for all voters,Batch-Fed Optical Scanners,Paper Poll Book,Optical Scan,6766,11,4,county,true,"Verifier row is a county-level summary. polling-place system reports multiple values: Hand marked paper ballots, BMDs for accessibility; accessible voting system differs from standard polling-place system; absentee system differs from standard polling-place system. Do not infer every precinct or ballot mode used one identical setup.","polling-place system reports multiple values: Hand marked paper ballots, BMDs for accessibility | accessible voting system differs from standard polling-place system | absentee system differs from standard polling-place system",verified-voting-verifier-ne-2024-equipment,https://verifiedvoting.org/verifier/#mode/navigate/map/voteEquip/mapType/ppEquip/year/2024/state/31,"Verified Voting Verifier data is jurisdiction-level election-administration context. Most rows are counties, but some states report state-level rows and some county rows can summarize mixed tabulation, accessible-device, absentee, poll-book, or other configurations. Treat it as source-linked context, not proof every precinct in a county used one identical setup, and not a turnout or vote-result source."
NE,2024,NE-083,Harlan County,county,ES&S,ES&S ExpressVote +,Optical Scan,county_context,hand_marked_paper,"Hand marked paper ballots, BMDs for accessibility",Ballot Marking Devices for all voters,Batch-Fed Optical Scanners,Paper Poll Book,Optical Scan,2244,2,2,county,true,"Verifier row is a county-level summary. polling-place system reports multiple values: Hand marked paper ballots, BMDs for accessibility; accessible voting system differs from standard polling-place system; absentee system differs from standard polling-place system. Do not infer every precinct or ballot mode used one identical setup.","polling-place system reports multiple values: Hand marked paper ballots, BMDs for accessibility | accessible voting system differs from standard polling-place system | absentee system differs from standard polling-place system",verified-voting-verifier-ne-2024-equipment,https://verifiedvoting.org/verifier/#mode/navigate/map/voteEquip/mapType/ppEquip/year/2024/state/31,"Verified Voting Verifier data is jurisdiction-level election-administration context. Most rows are counties, but some states report state-level rows and some county rows can summarize mixed tabulation, accessible-device, absentee, poll-book, or other configurations. Treat it as source-linked context, not proof every precinct in a county used one identical setup, and not a turnout or vote-result source."
NE,2024,NE-085,Hayes County,county,ES&S,ES&S ExpressVote +,Optical Scan,county_context,hand_marked_paper,"Hand marked paper ballots, BMDs for accessibility",Ballot Marking Devices for all voters,Hand-Fed Optical Scanners,Paper Poll Book,Optical Scan,600,3,1,county,true,"Verifier row is a county-level summary. polling-place system reports multiple values: Hand marked paper ballots, BMDs for accessibility; accessible voting system differs from standard polling-place system; absentee system differs from standard polling-place system. Do not infer every precinct or ballot mode used one identical setup.","polling-place system reports multiple values: Hand marked paper ballots, BMDs for accessibility | accessible voting system differs from standard polling-place system | absentee system differs from standard polling-place system",verified-voting-verifier-ne-2024-equipment,https://verifiedvoting.org/verifier/#mode/navigate/map/voteEquip/mapType/ppEquip/year/2024/state/31,"Verified Voting Verifier data is jurisdiction-level election-administration context. Most rows are counties, but some states report state-level rows and some county rows can summarize mixed tabulation, accessible-device, absentee, poll-book, or other configurations. Treat it as source-linked context, not proof every precinct in a county used one identical setup, and not a turnout or vote-result source."
NE,2024,NE-087,Hitchcock County,county,ES&S,ES&S ExpressVote +,Optical Scan,county_context,hand_marked_paper,"Hand marked paper ballots, BMDs for accessibility",Ballot Marking Devices for all voters,Batch-Fed Optical Scanners,Paper Poll Book,Optical Scan,1809,4,4,county,true,"Verifier row is a county-level summary. polling-place system reports multiple values: Hand marked paper ballots, BMDs for accessibility; accessible voting system differs from standard polling-place system; absentee system differs from standard polling-place system. Do not infer every precinct or ballot mode used one identical setup.","polling-place system reports multiple values: Hand marked paper ballots, BMDs for accessibility | accessible voting system differs from standard polling-place system | absentee system differs from standard polling-place system",verified-voting-verifier-ne-2024-equipment,https://verifiedvoting.org/verifier/#mode/navigate/map/voteEquip/mapType/ppEquip/year/2024/state/31,"Verified Voting Verifier data is jurisdiction-level election-administration context. Most rows are counties, but some states report state-level rows and some county rows can summarize mixed tabulation, accessible-device, absentee, poll-book, or other configurations. Treat it as source-linked context, not proof every precinct in a county used one identical setup, and not a turnout or vote-result source."
NE,2024,NE-089,Holt County,county,ES&S,ES&S ExpressVote +,Optical Scan,county_context,hand_marked_paper,"Hand marked paper ballots, BMDs for accessibility",Ballot Marking Devices for all voters,Batch-Fed Optical Scanners,Paper Poll Book,Optical Scan,6821,13,9,county,true,"Verifier row is a county-level summary. polling-place system reports multiple values: Hand marked paper ballots, BMDs for accessibility; accessible voting system differs from standard polling-place system; absentee system differs from standard polling-place system. Do not infer every precinct or ballot mode used one identical setup.","polling-place system reports multiple values: Hand marked paper ballots, BMDs for accessibility | accessible voting system differs from standard polling-place system | absentee system differs from standard polling-place system",verified-voting-verifier-ne-2024-equipment,https://verifiedvoting.org/verifier/#mode/navigate/map/voteEquip/mapType/ppEquip/year/2024/state/31,"Verified Voting Verifier data is jurisdiction-level election-administration context. Most rows are counties, but some states report state-level rows and some county rows can summarize mixed tabulation, accessible-device, absentee, poll-book, or other configurations. Treat it as source-linked context, not proof every precinct in a county used one identical setup, and not a turnout or vote-result source."
NE,2024,NE-091,Hooker County,county,ES&S,ES&S ExpressVote +,Optical Scan,county_context,hand_marked_paper,"Hand marked paper ballots, BMDs for accessibility",Ballot Marking Devices for all voters,Hand-Fed Optical Scanners,Paper Poll Book,Optical Scan,521,1,1,county,true,"Verifier row is a county-level summary. polling-place system reports multiple values: Hand marked paper ballots, BMDs for accessibility; accessible voting system differs from standard polling-place system; absentee system differs from standard polling-place system. Do not infer every precinct or ballot mode used one identical setup.","polling-place system reports multiple values: Hand marked paper ballots, BMDs for accessibility | accessible voting system differs from standard polling-place system | absentee system differs from standard polling-place system",verified-voting-verifier-ne-2024-equipment,https://verifiedvoting.org/verifier/#mode/navigate/map/voteEquip/mapType/ppEquip/year/2024/state/31,"Verified Voting Verifier data is jurisdiction-level election-administration context. Most rows are counties, but some states report state-level rows and some county rows can summarize mixed tabulation, accessible-device, absentee, poll-book, or other configurations. Treat it as source-linked context, not proof every precinct in a county used one identical setup, and not a turnout or vote-result source."
NE,2024,NE-093,Howard County,county,ES&S,ES&S ExpressVote +,Optical Scan,county_context,hand_marked_paper,"Hand marked paper ballots, BMDs for accessibility",Ballot Marking Devices for all voters,Batch-Fed Optical Scanners,Paper Poll Book,Optical Scan,4478,8,7,county,true,"Verifier row is a county-level summary. polling-place system reports multiple values: Hand marked paper ballots, BMDs for accessibility; accessible voting system differs from standard polling-place system; absentee system differs from standard polling-place system. Do not infer every precinct or ballot mode used one identical setup.","polling-place system reports multiple values: Hand marked paper ballots, BMDs for accessibility | accessible voting system differs from standard polling-place system | absentee system differs from standard polling-place system",verified-voting-verifier-ne-2024-equipment,https://verifiedvoting.org/verifier/#mode/navigate/map/voteEquip/mapType/ppEquip/year/2024/state/31,"Verified Voting Verifier data is jurisdiction-level election-administration context. Most rows are counties, but some states report state-level rows and some county rows can summarize mixed tabulation, accessible-device, absentee, poll-book, or other configurations. Treat it as source-linked context, not proof every precinct in a county used one identical setup, and not a turnout or vote-result source."
NE,2024,NE-095,Jefferson County,county,ES&S,ES&S ExpressVote +,Optical Scan,county_context,hand_marked_paper,"Hand marked paper ballots, BMDs for accessibility",Ballot Marking Devices for all voters,Batch-Fed Optical Scanners,Paper Poll Book,Optical Scan,4595,10,9,county,true,"Verifier row is a county-level summary. polling-place system reports multiple values: Hand marked paper ballots, BMDs for accessibility; accessible voting system differs from standard polling-place system; absentee system differs from standard polling-place system. Do not infer every precinct or ballot mode used one identical setup.","polling-place system reports multiple values: Hand marked paper ballots, BMDs for accessibility | accessible voting system differs from standard polling-place system | absentee system differs from standard polling-place system",verified-voting-verifier-ne-2024-equipment,https://verifiedvoting.org/verifier/#mode/navigate/map/voteEquip/mapType/ppEquip/year/2024/state/31,"Verified Voting Verifier data is jurisdiction-level election-administration context. Most rows are counties, but some states report state-level rows and some county rows can summarize mixed tabulation, accessible-device, absentee, poll-book, or other configurations. Treat it as source-linked context, not proof every precinct in a county used one identical setup, and not a turnout or vote-result source."
NE,2024,NE-097,Johnson County,county,ES&S,ES&S ExpressVote +,Optical Scan,county_context,hand_marked_paper,"Hand marked paper ballots, BMDs for accessibility",Ballot Marking Devices for all voters,Batch-Fed Optical Scanners,Paper Poll Book,Optical Scan,2771,6,6,county,true,"Verifier row is a county-level summary. polling-place system reports multiple values: Hand marked paper ballots, BMDs for accessibility; accessible voting system differs from standard polling-place system; absentee system differs from standard polling-place system. Do not infer every precinct or ballot mode used one identical setup.","polling-place system reports multiple values: Hand marked paper ballots, BMDs for accessibility | accessible voting system differs from standard polling-place system | absentee system differs from standard polling-place system",verified-voting-verifier-ne-2024-equipment,https://verifiedvoting.org/verifier/#mode/navigate/map/voteEquip/mapType/ppEquip/year/2024/state/31,"Verified Voting Verifier data is jurisdiction-level election-administration context. Most rows are counties, but some states report state-level rows and some county rows can summarize mixed tabulation, accessible-device, absentee, poll-book, or other configurations. Treat it as source-linked context, not proof every precinct in a county used one identical setup, and not a turnout or vote-result source."
NE,2024,NE-099,Kearney County,county,ES&S,ES&S ExpressVote +,Optical Scan,county_context,hand_marked_paper,"Hand marked paper ballots, BMDs for accessibility",Ballot Marking Devices for all voters,Batch-Fed Optical Scanners,Paper Poll Book,Optical Scan,4457,9,8,county,true,"Verifier row is a county-level summary. polling-place system reports multiple values: Hand marked paper ballots, BMDs for accessibility; accessible voting system differs from standard polling-place system; absentee system differs from standard polling-place system. Do not infer every precinct or ballot mode used one identical setup.","polling-place system reports multiple values: Hand marked paper ballots, BMDs for accessibility | accessible voting system differs from standard polling-place system | absentee system differs from standard polling-place system",verified-voting-verifier-ne-2024-equipment,https://verifiedvoting.org/verifier/#mode/navigate/map/voteEquip/mapType/ppEquip/year/2024/state/31,"Verified Voting Verifier data is jurisdiction-level election-administration context. Most rows are counties, but some states report state-level rows and some county rows can summarize mixed tabulation, accessible-device, absentee, poll-book, or other configurations. Treat it as source-linked context, not proof every precinct in a county used one identical setup, and not a turnout or vote-result source."
NE,2024,NE-101,Keith County,county,ES&S,ES&S ExpressVote +,Optical Scan,county_context,hand_marked_paper,"Hand marked paper ballots, BMDs for accessibility",Ballot Marking Devices for all voters,Batch-Fed Optical Scanners,Paper Poll Book,Optical Scan,5281,9,4,county,true,"Verifier row is a county-level summary. polling-place system reports multiple values: Hand marked paper ballots, BMDs for accessibility; accessible voting system differs from standard polling-place system; absentee system differs from standard polling-place system. Do not infer every precinct or ballot mode used one identical setup.","polling-place system reports multiple values: Hand marked paper ballots, BMDs for accessibility | accessible voting system differs from standard polling-place system | absentee system differs from standard polling-place system",verified-voting-verifier-ne-2024-equipment,https://verifiedvoting.org/verifier/#mode/navigate/map/voteEquip/mapType/ppEquip/year/2024/state/31,"Verified Voting Verifier data is jurisdiction-level election-administration context. Most rows are counties, but some states report state-level rows and some county rows can summarize mixed tabulation, accessible-device, absentee, poll-book, or other configurations. Treat it as source-linked context, not proof every precinct in a county used one identical setup, and not a turnout or vote-result source."
NE,2024,NE-103,Keya Paha County,county,ES&S,ES&S ExpressVote +,Optical Scan,county_context,hand_marked_paper,"Hand marked paper ballots, BMDs for accessibility",Ballot Marking Devices for all voters,Hand-Fed Optical Scanners,Paper Poll Book,Optical Scan,623,3,1,county,true,"Verifier row is a county-level summary. polling-place system reports multiple values: Hand marked paper ballots, BMDs for accessibility; accessible voting system differs from standard polling-place system; absentee system differs from standard polling-place system. Do not infer every precinct or ballot mode used one identical setup.","polling-place system reports multiple values: Hand marked paper ballots, BMDs for accessibility | accessible voting system differs from standard polling-place system | absentee system differs from standard polling-place system",verified-voting-verifier-ne-2024-equipment,https://verifiedvoting.org/verifier/#mode/navigate/map/voteEquip/mapType/ppEquip/year/2024/state/31,"Verified Voting Verifier data is jurisdiction-level election-administration context. Most rows are counties, but some states report state-level rows and some county rows can summarize mixed tabulation, accessible-device, absentee, poll-book, or other configurations. Treat it as source-linked context, not proof every precinct in a county used one identical setup, and not a turnout or vote-result source."
NE,2024,NE-105,Kimball County,county,ES&S,ES&S ExpressVote +,Optical Scan,county_context,hand_marked_paper,"Hand marked paper ballots, BMDs for accessibility",Ballot Marking Devices for all voters,Hand-Fed Optical Scanners,Paper Poll Book,Optical Scan,2396,5,3,county,true,"Verifier row is a county-level summary. polling-place system reports multiple values: Hand marked paper ballots, BMDs for accessibility; accessible voting system differs from standard polling-place system; absentee system differs from standard polling-place system. Do not infer every precinct or ballot mode used one identical setup.","polling-place system reports multiple values: Hand marked paper ballots, BMDs for accessibility | accessible voting system differs from standard polling-place system | absentee system differs from standard polling-place system",verified-voting-verifier-ne-2024-equipment,https://verifiedvoting.org/verifier/#mode/navigate/map/voteEquip/mapType/ppEquip/year/2024/state/31,"Verified Voting Verifier data is jurisdiction-level election-administration context. Most rows are counties, but some states report state-level rows and some county rows can summarize mixed tabulation, accessible-device, absentee, poll-book, or other configurations. Treat it as source-linked context, not proof every precinct in a county used one identical setup, and not a turnout or vote-result source."
NE,2024,NE-107,Knox County,county,ES&S,ES&S ExpressVote +,Optical Scan,county_context,hand_marked_paper,"Hand marked paper ballots, BMDs for accessibility",Ballot Marking Devices for all voters,Batch-Fed Optical Scanners,Paper Poll Book,Optical Scan,5361,7,1,county,true,"Verifier row is a county-level summary. polling-place system reports multiple values: Hand marked paper ballots, BMDs for accessibility; accessible voting system differs from standard polling-place system; absentee system differs from standard polling-place system. Do not infer every precinct or ballot mode used one identical setup.","polling-place system reports multiple values: Hand marked paper ballots, BMDs for accessibility | accessible voting system differs from standard polling-place system | absentee system differs from standard polling-place system",verified-voting-verifier-ne-2024-equipment,https://verifiedvoting.org/verifier/#mode/navigate/map/voteEquip/mapType/ppEquip/year/2024/state/31,"Verified Voting Verifier data is jurisdiction-level election-administration context. Most rows are counties, but some states report state-level rows and some county rows can summarize mixed tabulation, accessible-device, absentee, poll-book, or other configurations. Treat it as source-linked context, not proof every precinct in a county used one identical setup, and not a turnout or vote-result source."
NE,2024,NE-109,Lancaster County,county,ES&S,ES&S ExpressVote +,Optical Scan,county_context,hand_marked_paper,"Hand marked paper ballots, BMDs for accessibility",Ballot Marking Devices for all voters,Batch-Fed Optical Scanners,Paper Poll Book,Optical Scan,193129,198,148,county,true,"Verifier row is a county-level summary. polling-place system reports multiple values: Hand marked paper ballots, BMDs for accessibility; accessible voting system differs from standard polling-place system; absentee system differs from standard polling-place system. Do not infer every precinct or ballot mode used one identical setup.","polling-place system reports multiple values: Hand marked paper ballots, BMDs for accessibility | accessible voting system differs from standard polling-place system | absentee system differs from standard polling-place system",verified-voting-verifier-ne-2024-equipment,https://verifiedvoting.org/verifier/#mode/navigate/map/voteEquip/mapType/ppEquip/year/2024/state/31,"Verified Voting Verifier data is jurisdiction-level election-administration context. Most rows are counties, but some states report state-level rows and some county rows can summarize mixed tabulation, accessible-device, absentee, poll-book, or other configurations. Treat it as source-linked context, not proof every precinct in a county used one identical setup, and not a turnout or vote-result source."
NE,2024,NE-111,Lincoln County,county,ES&S,ES&S ExpressVote +,Optical Scan,county_context,hand_marked_paper,"Hand marked paper ballots, BMDs for accessibility",Ballot Marking Devices for all voters,Batch-Fed Optical Scanners,Paper Poll Book,Optical Scan,21345,24,21,county,true,"Verifier row is a county-level summary. polling-place system reports multiple values: Hand marked paper ballots, BMDs for accessibility; accessible voting system differs from standard polling-place system; absentee system differs from standard polling-place system. Do not infer every precinct or ballot mode used one identical setup.","polling-place system reports multiple values: Hand marked paper ballots, BMDs for accessibility | accessible voting system differs from standard polling-place system | absentee system differs from standard polling-place system",verified-voting-verifier-ne-2024-equipment,https://verifiedvoting.org/verifier/#mode/navigate/map/voteEquip/mapType/ppEquip/year/2024/state/31,"Verified Voting Verifier data is jurisdiction-level election-administration context. Most rows are counties, but some states report state-level rows and some county rows can summarize mixed tabulation, accessible-device, absentee, poll-book, or other configurations. Treat it as source-linked context, not proof every precinct in a county used one identical setup, and not a turnout or vote-result source."
NE,2024,NE-113,Logan County,county,ES&S,ES&S ExpressVote +,Optical Scan,county_context,hand_marked_paper,"Hand marked paper ballots, BMDs for accessibility",Ballot Marking Devices for all voters,Hand-Fed Optical Scanners,Paper Poll Book,Optical Scan,535,1,1,county,true,"Verifier row is a county-level summary. polling-place system reports multiple values: Hand marked paper ballots, BMDs for accessibility; accessible voting system differs from standard polling-place system; absentee system differs from standard polling-place system. Do not infer every precinct or ballot mode used one identical setup.","polling-place system reports multiple values: Hand marked paper ballots, BMDs for accessibility | accessible voting system differs from standard polling-place system | absentee system differs from standard polling-place system",verified-voting-verifier-ne-2024-equipment,https://verifiedvoting.org/verifier/#mode/navigate/map/voteEquip/mapType/ppEquip/year/2024/state/31,"Verified Voting Verifier data is jurisdiction-level election-administration context. Most rows are counties, but some states report state-level rows and some county rows can summarize mixed tabulation, accessible-device, absentee, poll-book, or other configurations. Treat it as source-linked context, not proof every precinct in a county used one identical setup, and not a turnout or vote-result source."
NE,2024,NE-115,Loup County,county,ES&S,ES&S ExpressVote +,Optical Scan,county_context,hand_marked_paper,"Hand marked paper ballots, BMDs for accessibility",Ballot Marking Devices for all voters,Hand-Fed Optical Scanners,Paper Poll Book,Optical Scan,506,1,1,county,true,"Verifier row is a county-level summary. polling-place system reports multiple values: Hand marked paper ballots, BMDs for accessibility; accessible voting system differs from standard polling-place system; absentee system differs from standard polling-place system. Do not infer every precinct or ballot mode used one identical setup.","polling-place system reports multiple values: Hand marked paper ballots, BMDs for accessibility | accessible voting system differs from standard polling-place system | absentee system differs from standard polling-place system",verified-voting-verifier-ne-2024-equipment,https://verifiedvoting.org/verifier/#mode/navigate/map/voteEquip/mapType/ppEquip/year/2024/state/31,"Verified Voting Verifier data is jurisdiction-level election-administration context. Most rows are counties, but some states report state-level rows and some county rows can summarize mixed tabulation, accessible-device, absentee, poll-book, or other configurations. Treat it as source-linked context, not proof every precinct in a county used one identical setup, and not a turnout or vote-result source."
NE,2024,NE-119,Madison County,county,ES&S,ES&S ExpressVote +,Optical Scan,county_context,hand_marked_paper,"Hand marked paper ballots, BMDs for accessibility",Ballot Marking Devices for all voters,Batch-Fed Optical Scanners,Paper Poll Book,Optical Scan,20694,19,14,county,true,"Verifier row is a county-level summary. polling-place system reports multiple values: Hand marked paper ballots, BMDs for accessibility; accessible voting system differs from standard polling-place system; absentee system differs from standard polling-place system. Do not infer every precinct or ballot mode used one identical setup.","polling-place system reports multiple values: Hand marked paper ballots, BMDs for accessibility | accessible voting system differs from standard polling-place system | absentee system differs from standard polling-place system",verified-voting-verifier-ne-2024-equipment,https://verifiedvoting.org/verifier/#mode/navigate/map/voteEquip/mapType/ppEquip/year/2024/state/31,"Verified Voting Verifier data is jurisdiction-level election-administration context. Most rows are counties, but some states report state-level rows and some county rows can summarize mixed tabulation, accessible-device, absentee, poll-book, or other configurations. Treat it as source-linked context, not proof every precinct in a county used one identical setup, and not a turnout or vote-result source."
NE,2024,NE-117,McPherson County,county,ES&S,ES&S ExpressVote +,Optical Scan,county_context,hand_marked_paper,"Hand marked paper ballots, BMDs for accessibility",Ballot Marking Devices for all voters,Hand-Fed Optical Scanners,Paper Poll Book,Optical Scan,338,1,1,county,true,"Verifier row is a county-level summary. polling-place system reports multiple values: Hand marked paper ballots, BMDs for accessibility; accessible voting system differs from standard polling-place system; absentee system differs from standard polling-place system. Do not infer every precinct or ballot mode used one identical setup.","polling-place system reports multiple values: Hand marked paper ballots, BMDs for accessibility | accessible voting system differs from standard polling-place system | absentee system differs from standard polling-place system",verified-voting-verifier-ne-2024-equipment,https://verifiedvoting.org/verifier/#mode/navigate/map/voteEquip/mapType/ppEquip/year/2024/state/31,"Verified Voting Verifier data is jurisdiction-level election-administration context. Most rows are counties, but some states report state-level rows and some county rows can summarize mixed tabulation, accessible-device, absentee, poll-book, or other configurations. Treat it as source-linked context, not proof every precinct in a county used one identical setup, and not a turnout or vote-result source."
NE,2024,NE-121,Merrick County,county,ES&S,ES&S ExpressVote +,Optical Scan,county_context,hand_marked_paper,"Hand marked paper ballots, BMDs for accessibility",Ballot Marking Devices for all voters,Batch-Fed Optical Scanners,Paper Poll Book,Optical Scan,5093,15,1,county,true,"Verifier row is a county-level summary. polling-place system reports multiple values: Hand marked paper ballots, BMDs for accessibility; accessible voting system differs from standard polling-place system; absentee system differs from standard polling-place system. Do not infer every precinct or ballot mode used one identical setup.","polling-place system reports multiple values: Hand marked paper ballots, BMDs for accessibility | accessible voting system differs from standard polling-place system | absentee system differs from standard polling-place system",verified-voting-verifier-ne-2024-equipment,https://verifiedvoting.org/verifier/#mode/navigate/map/voteEquip/mapType/ppEquip/year/2024/state/31,"Verified Voting Verifier data is jurisdiction-level election-administration context. Most rows are counties, but some states report state-level rows and some county rows can summarize mixed tabulation, accessible-device, absentee, poll-book, or other configurations. Treat it as source-linked context, not proof every precinct in a county used one identical setup, and not a turnout or vote-result source."
NE,2024,NE-123,Morrill County,county,ES&S,ES&S ExpressVote +,Optical Scan,county_context,hand_marked_paper,"Hand marked paper ballots, BMDs for accessibility",Ballot Marking Devices for all voters,Batch-Fed Optical Scanners,Paper Poll Book,Optical Scan,2906,9,1,county,true,"Verifier row is a county-level summary. polling-place system reports multiple values: Hand marked paper ballots, BMDs for accessibility; accessible voting system differs from standard polling-place system; absentee system differs from standard polling-place system. Do not infer every precinct or ballot mode used one identical setup.","polling-place system reports multiple values: Hand marked paper ballots, BMDs for accessibility | accessible voting system differs from standard polling-place system | absentee system differs from standard polling-place system",verified-voting-verifier-ne-2024-equipment,https://verifiedvoting.org/verifier/#mode/navigate/map/voteEquip/mapType/ppEquip/year/2024/state/31,"Verified Voting Verifier data is jurisdiction-level election-administration context. Most rows are counties, but some states report state-level rows and some county rows can summarize mixed tabulation, accessible-device, absentee, poll-book, or other configurations. Treat it as source-linked context, not proof every precinct in a county used one identical setup, and not a turnout or vote-result source."
NE,2024,NE-125,Nance County,county,ES&S,ES&S ExpressVote +,Optical Scan,county_context,hand_marked_paper,"Hand marked paper ballots, BMDs for accessibility",Ballot Marking Devices for all voters,Batch-Fed Optical Scanners,Paper Poll Book,Optical Scan,2326,5,4,county,true,"Verifier row is a county-level summary. polling-place system reports multiple values: Hand marked paper ballots, BMDs for accessibility; accessible voting system differs from standard polling-place system; absentee system differs from standard polling-place system. Do not infer every precinct or ballot mode used one identical setup.","polling-place system reports multiple values: Hand marked paper ballots, BMDs for accessibility | accessible voting system differs from standard polling-place system | absentee system differs from standard polling-place system",verified-voting-verifier-ne-2024-equipment,https://verifiedvoting.org/verifier/#mode/navigate/map/voteEquip/mapType/ppEquip/year/2024/state/31,"Verified Voting Verifier data is jurisdiction-level election-administration context. Most rows are counties, but some states report state-level rows and some county rows can summarize mixed tabulation, accessible-device, absentee, poll-book, or other configurations. Treat it as source-linked context, not proof every precinct in a county used one identical setup, and not a turnout or vote-result source."
NE,2024,NE-127,Nemaha County,county,ES&S,ES&S ExpressVote +,Optical Scan,county_context,hand_marked_paper,"Hand marked paper ballots, BMDs for accessibility",Ballot Marking Devices for all voters,Batch-Fed Optical Scanners,Paper Poll Book,Optical Scan,4367,9,8,county,true,"Verifier row is a county-level summary. polling-place system reports multiple values: Hand marked paper ballots, BMDs for accessibility; accessible voting system differs from standard polling-place system; absentee system differs from standard polling-place system. Do not infer every precinct or ballot mode used one identical setup.","polling-place system reports multiple values: Hand marked paper ballots, BMDs for accessibility | accessible voting system differs from standard polling-place system | absentee system differs from standard polling-place system",verified-voting-verifier-ne-2024-equipment,https://verifiedvoting.org/verifier/#mode/navigate/map/voteEquip/mapType/ppEquip/year/2024/state/31,"Verified Voting Verifier data is jurisdiction-level election-administration context. Most rows are counties, but some states report state-level rows and some county rows can summarize mixed tabulation, accessible-device, absentee, poll-book, or other configurations. Treat it as source-linked context, not proof every precinct in a county used one identical setup, and not a turnout or vote-result source."
NE,2024,NE-129,Nuckolls County,county,ES&S,ES&S ExpressVote +,Optical Scan,county_context,hand_marked_paper,"Hand marked paper ballots, BMDs for accessibility",Ballot Marking Devices for all voters,Batch-Fed Optical Scanners,Paper Poll Book,Optical Scan,2916,4,4,county,true,"Verifier row is a county-level summary. polling-place system reports multiple values: Hand marked paper ballots, BMDs for accessibility; accessible voting system differs from standard polling-place system; absentee system differs from standard polling-place system. Do not infer every precinct or ballot mode used one identical setup.","polling-place system reports multiple values: Hand marked paper ballots, BMDs for accessibility | accessible voting system differs from standard polling-place system | absentee system differs from standard polling-place system",verified-voting-verifier-ne-2024-equipment,https://verifiedvoting.org/verifier/#mode/navigate/map/voteEquip/mapType/ppEquip/year/2024/state/31,"Verified Voting Verifier data is jurisdiction-level election-administration context. Most rows are counties, but some states report state-level rows and some county rows can summarize mixed tabulation, accessible-device, absentee, poll-book, or other configurations. Treat it as source-linked context, not proof every precinct in a county used one identical setup, and not a turnout or vote-result source."
NE,2024,NE-131,Otoe County,county,ES&S,ES&S ExpressVote +,Optical Scan,county_context,hand_marked_paper,"Hand marked paper ballots, BMDs for accessibility",Ballot Marking Devices for all voters,Batch-Fed Optical Scanners,Paper Poll Book,Optical Scan,10291,10,10,county,true,"Verifier row is a county-level summary. polling-place system reports multiple values: Hand marked paper ballots, BMDs for accessibility; accessible voting system differs from standard polling-place system; absentee system differs from standard polling-place system. Do not infer every precinct or ballot mode used one identical setup.","polling-place system reports multiple values: Hand marked paper ballots, BMDs for accessibility | accessible voting system differs from standard polling-place system | absentee system differs from standard polling-place system",verified-voting-verifier-ne-2024-equipment,https://verifiedvoting.org/verifier/#mode/navigate/map/voteEquip/mapType/ppEquip/year/2024/state/31,"Verified Voting Verifier data is jurisdiction-level election-administration context. Most rows are counties, but some states report state-level rows and some county rows can summarize mixed tabulation, accessible-device, absentee, poll-book, or other configurations. Treat it as source-linked context, not proof every precinct in a county used one identical setup, and not a turnout or vote-result source."
NE,2024,NE-133,Pawnee County,county,ES&S,ES&S ExpressVote +,Optical Scan,county_context,hand_marked_paper,"Hand marked paper ballots, BMDs for accessibility",Ballot Marking Devices for all voters,Hand-Fed Optical Scanners,Paper Poll Book,Optical Scan,1717,5,5,county,true,"Verifier row is a county-level summary. polling-place system reports multiple values: Hand marked paper ballots, BMDs for accessibility; accessible voting system differs from standard polling-place system; absentee system differs from standard polling-place system. Do not infer every precinct or ballot mode used one identical setup.","polling-place system reports multiple values: Hand marked paper ballots, BMDs for accessibility | accessible voting system differs from standard polling-place system | absentee system differs from standard polling-place system",verified-voting-verifier-ne-2024-equipment,https://verifiedvoting.org/verifier/#mode/navigate/map/voteEquip/mapType/ppEquip/year/2024/state/31,"Verified Voting Verifier data is jurisdiction-level election-administration context. Most rows are counties, but some states report state-level rows and some county rows can summarize mixed tabulation, accessible-device, absentee, poll-book, or other configurations. Treat it as source-linked context, not proof every precinct in a county used one identical setup, and not a turnout or vote-result source."
NE,2024,NE-135,Perkins County,county,ES&S,ES&S ExpressVote +,Optical Scan,county_context,hand_marked_paper,"Hand marked paper ballots, BMDs for accessibility",Ballot Marking Devices for all voters,Batch-Fed Optical Scanners,Paper Poll Book,Optical Scan,1776,2,1,county,true,"Verifier row is a county-level summary. polling-place system reports multiple values: Hand marked paper ballots, BMDs for accessibility; accessible voting system differs from standard polling-place system; absentee system differs from standard polling-place system. Do not infer every precinct or ballot mode used one identical setup.","polling-place system reports multiple values: Hand marked paper ballots, BMDs for accessibility | accessible voting system differs from standard polling-place system | absentee system differs from standard polling-place system",verified-voting-verifier-ne-2024-equipment,https://verifiedvoting.org/verifier/#mode/navigate/map/voteEquip/mapType/ppEquip/year/2024/state/31,"Verified Voting Verifier data is jurisdiction-level election-administration context. Most rows are counties, but some states report state-level rows and some county rows can summarize mixed tabulation, accessible-device, absentee, poll-book, or other configurations. Treat it as source-linked context, not proof every precinct in a county used one identical setup, and not a turnout or vote-result source."
NE,2024,NE-137,Phelps County,county,ES&S,ES&S ExpressVote +,Optical Scan,county_context,hand_marked_paper,"Hand marked paper ballots, BMDs for accessibility",Ballot Marking Devices for all voters,Batch-Fed Optical Scanners,Paper Poll Book,Optical Scan,6048,12,4,county,true,"Verifier row is a county-level summary. polling-place system reports multiple values: Hand marked paper ballots, BMDs for accessibility; accessible voting system differs from standard polling-place system; absentee system differs from standard polling-place system. Do not infer every precinct or ballot mode used one identical setup.","polling-place system reports multiple values: Hand marked paper ballots, BMDs for accessibility | accessible voting system differs from standard polling-place system | absentee system differs from standard polling-place system",verified-voting-verifier-ne-2024-equipment,https://verifiedvoting.org/verifier/#mode/navigate/map/voteEquip/mapType/ppEquip/year/2024/state/31,"Verified Voting Verifier data is jurisdiction-level election-administration context. Most rows are counties, but some states report state-level rows and some county rows can summarize mixed tabulation, accessible-device, absentee, poll-book, or other configurations. Treat it as source-linked context, not proof every precinct in a county used one identical setup, and not a turnout or vote-result source."
NE,2024,NE-139,Pierce County,county,ES&S,ES&S ExpressVote +,Optical Scan,county_context,hand_marked_paper,"Hand marked paper ballots, BMDs for accessibility",Ballot Marking Devices for all voters,Batch-Fed Optical Scanners,Paper Poll Book,Optical Scan,4781,5,4,county,true,"Verifier row is a county-level summary. polling-place system reports multiple values: Hand marked paper ballots, BMDs for accessibility; accessible voting system differs from standard polling-place system; absentee system differs from standard polling-place system. Do not infer every precinct or ballot mode used one identical setup.","polling-place system reports multiple values: Hand marked paper ballots, BMDs for accessibility | accessible voting system differs from standard polling-place system | absentee system differs from standard polling-place system",verified-voting-verifier-ne-2024-equipment,https://verifiedvoting.org/verifier/#mode/navigate/map/voteEquip/mapType/ppEquip/year/2024/state/31,"Verified Voting Verifier data is jurisdiction-level election-administration context. Most rows are counties, but some states report state-level rows and some county rows can summarize mixed tabulation, accessible-device, absentee, poll-book, or other configurations. Treat it as source-linked context, not proof every precinct in a county used one identical setup, and not a turnout or vote-result source."
NE,2024,NE-141,Platte County,county,ES&S,ES&S ExpressVote +,Optical Scan,county_context,hand_marked_paper,"Hand marked paper ballots, BMDs for accessibility",Ballot Marking Devices for all voters,Batch-Fed Optical Scanners,Paper Poll Book,Optical Scan,19853,27,26,county,true,"Verifier row is a county-level summary. polling-place system reports multiple values: Hand marked paper ballots, BMDs for accessibility; accessible voting system differs from standard polling-place system; absentee system differs from standard polling-place system. Do not infer every precinct or ballot mode used one identical setup.","polling-place system reports multiple values: Hand marked paper ballots, BMDs for accessibility | accessible voting system differs from standard polling-place system | absentee system differs from standard polling-place system",verified-voting-verifier-ne-2024-equipment,https://verifiedvoting.org/verifier/#mode/navigate/map/voteEquip/mapType/ppEquip/year/2024/state/31,"Verified Voting Verifier data is jurisdiction-level election-administration context. Most rows are counties, but some states report state-level rows and some county rows can summarize mixed tabulation, accessible-device, absentee, poll-book, or other configurations. Treat it as source-linked context, not proof every precinct in a county used one identical setup, and not a turnout or vote-result source."
NE,2024,NE-143,Polk County,county,ES&S,ES&S ExpressVote +,Optical Scan,county_context,hand_marked_paper,"Hand marked paper ballots, BMDs for accessibility",Ballot Marking Devices for all voters,Batch-Fed Optical Scanners,Paper Poll Book,Optical Scan,3520,8,5,county,true,"Verifier row is a county-level summary. polling-place system reports multiple values: Hand marked paper ballots, BMDs for accessibility; accessible voting system differs from standard polling-place system; absentee system differs from standard polling-place system. Do not infer every precinct or ballot mode used one identical setup.","polling-place system reports multiple values: Hand marked paper ballots, BMDs for accessibility | accessible voting system differs from standard polling-place system | absentee system differs from standard polling-place system",verified-voting-verifier-ne-2024-equipment,https://verifiedvoting.org/verifier/#mode/navigate/map/voteEquip/mapType/ppEquip/year/2024/state/31,"Verified Voting Verifier data is jurisdiction-level election-administration context. Most rows are counties, but some states report state-level rows and some county rows can summarize mixed tabulation, accessible-device, absentee, poll-book, or other configurations. Treat it as source-linked context, not proof every precinct in a county used one identical setup, and not a turnout or vote-result source."
NE,2024,NE-145,Red Willow County,county,ES&S,ES&S ExpressVote +,Optical Scan,county_context,hand_marked_paper,"Hand marked paper ballots, BMDs for accessibility",Ballot Marking Devices for all voters,Batch-Fed Optical Scanners,Paper Poll Book,Optical Scan,6767,13,10,county,true,"Verifier row is a county-level summary. polling-place system reports multiple values: Hand marked paper ballots, BMDs for accessibility; accessible voting system differs from standard polling-place system; absentee system differs from standard polling-place system. Do not infer every precinct or ballot mode used one identical setup.","polling-place system reports multiple values: Hand marked paper ballots, BMDs for accessibility | accessible voting system differs from standard polling-place system | absentee system differs from standard polling-place system",verified-voting-verifier-ne-2024-equipment,https://verifiedvoting.org/verifier/#mode/navigate/map/voteEquip/mapType/ppEquip/year/2024/state/31,"Verified Voting Verifier data is jurisdiction-level election-administration context. Most rows are counties, but some states report state-level rows and some county rows can summarize mixed tabulation, accessible-device, absentee, poll-book, or other configurations. Treat it as source-linked context, not proof every precinct in a county used one identical setup, and not a turnout or vote-result source."
NE,2024,NE-147,Richardson County,county,ES&S,ES&S ExpressVote +,Optical Scan,county_context,hand_marked_paper,"Hand marked paper ballots, BMDs for accessibility",Ballot Marking Devices for all voters,Hand-Fed Optical Scanners,Paper Poll Book,Optical Scan,4985,15,9,county,true,"Verifier row is a county-level summary. polling-place system reports multiple values: Hand marked paper ballots, BMDs for accessibility; accessible voting system differs from standard polling-place system; absentee system differs from standard polling-place system. Do not infer every precinct or ballot mode used one identical setup.","polling-place system reports multiple values: Hand marked paper ballots, BMDs for accessibility | accessible voting system differs from standard polling-place system | absentee system differs from standard polling-place system",verified-voting-verifier-ne-2024-equipment,https://verifiedvoting.org/verifier/#mode/navigate/map/voteEquip/mapType/ppEquip/year/2024/state/31,"Verified Voting Verifier data is jurisdiction-level election-administration context. Most rows are counties, but some states report state-level rows and some county rows can summarize mixed tabulation, accessible-device, absentee, poll-book, or other configurations. Treat it as source-linked context, not proof every precinct in a county used one identical setup, and not a turnout or vote-result source."
NE,2024,NE-149,Rock County,county,ES&S,ES&S ExpressVote +,Optical Scan,county_context,hand_marked_paper,"Hand marked paper ballots, BMDs for accessibility",Ballot Marking Devices for all voters,Hand-Fed Optical Scanners,Paper Poll Book,Optical Scan,1043,1,1,county,true,"Verifier row is a county-level summary. polling-place system reports multiple values: Hand marked paper ballots, BMDs for accessibility; accessible voting system differs from standard polling-place system; absentee system differs from standard polling-place system. Do not infer every precinct or ballot mode used one identical setup.","polling-place system reports multiple values: Hand marked paper ballots, BMDs for accessibility | accessible voting system differs from standard polling-place system | absentee system differs from standard polling-place system",verified-voting-verifier-ne-2024-equipment,https://verifiedvoting.org/verifier/#mode/navigate/map/voteEquip/mapType/ppEquip/year/2024/state/31,"Verified Voting Verifier data is jurisdiction-level election-administration context. Most rows are counties, but some states report state-level rows and some county rows can summarize mixed tabulation, accessible-device, absentee, poll-book, or other configurations. Treat it as source-linked context, not proof every precinct in a county used one identical setup, and not a turnout or vote-result source."
NE,2024,NE-151,Saline County,county,ES&S,ES&S ExpressVote +,Optical Scan,county_context,hand_marked_paper,"Hand marked paper ballots, BMDs for accessibility",Ballot Marking Devices for all voters,Batch-Fed Optical Scanners,Paper Poll Book,Optical Scan,7437,9,7,county,true,"Verifier row is a county-level summary. polling-place system reports multiple values: Hand marked paper ballots, BMDs for accessibility; accessible voting system differs from standard polling-place system; absentee system differs from standard polling-place system. Do not infer every precinct or ballot mode used one identical setup.","polling-place system reports multiple values: Hand marked paper ballots, BMDs for accessibility | accessible voting system differs from standard polling-place system | absentee system differs from standard polling-place system",verified-voting-verifier-ne-2024-equipment,https://verifiedvoting.org/verifier/#mode/navigate/map/voteEquip/mapType/ppEquip/year/2024/state/31,"Verified Voting Verifier data is jurisdiction-level election-administration context. Most rows are counties, but some states report state-level rows and some county rows can summarize mixed tabulation, accessible-device, absentee, poll-book, or other configurations. Treat it as source-linked context, not proof every precinct in a county used one identical setup, and not a turnout or vote-result source."
NE,2024,NE-153,Sarpy County,county,ES&S,ES&S ExpressVote +,Optical Scan,county_context,hand_marked_paper,"Hand marked paper ballots, BMDs for accessibility",Ballot Marking Devices for all voters,Batch-Fed Optical Scanners,Paper Poll Book,Optical Scan,122974,81,75,county,true,"Verifier row is a county-level summary. polling-place system reports multiple values: Hand marked paper ballots, BMDs for accessibility; accessible voting system differs from standard polling-place system; absentee system differs from standard polling-place system. Do not infer every precinct or ballot mode used one identical setup.","polling-place system reports multiple values: Hand marked paper ballots, BMDs for accessibility | accessible voting system differs from standard polling-place system | absentee system differs from standard polling-place system",verified-voting-verifier-ne-2024-equipment,https://verifiedvoting.org/verifier/#mode/navigate/map/voteEquip/mapType/ppEquip/year/2024/state/31,"Verified Voting Verifier data is jurisdiction-level election-administration context. Most rows are counties, but some states report state-level rows and some county rows can summarize mixed tabulation, accessible-device, absentee, poll-book, or other configurations. Treat it as source-linked context, not proof every precinct in a county used one identical setup, and not a turnout or vote-result source."
NE,2024,NE-155,Saunders County,county,ES&S,ES&S ExpressVote +,Optical Scan,county_context,hand_marked_paper,"Hand marked paper ballots, BMDs for accessibility",Ballot Marking Devices for all voters,Batch-Fed Optical Scanners,Paper Poll Book,Optical Scan,16204,19,19,county,true,"Verifier row is a county-level summary. polling-place system reports multiple values: Hand marked paper ballots, BMDs for accessibility; accessible voting system differs from standard polling-place system; absentee system differs from standard polling-place system. Do not infer every precinct or ballot mode used one identical setup.","polling-place system reports multiple values: Hand marked paper ballots, BMDs for accessibility | accessible voting system differs from standard polling-place system | absentee system differs from standard polling-place system",verified-voting-verifier-ne-2024-equipment,https://verifiedvoting.org/verifier/#mode/navigate/map/voteEquip/mapType/ppEquip/year/2024/state/31,"Verified Voting Verifier data is jurisdiction-level election-administration context. Most rows are counties, but some states report state-level rows and some county rows can summarize mixed tabulation, accessible-device, absentee, poll-book, or other configurations. Treat it as source-linked context, not proof every precinct in a county used one identical setup, and not a turnout or vote-result source."
NE,2024,NE-157,Scotts Bluff County,county,ES&S,ES&S ExpressVote +,Optical Scan,county_context,hand_marked_paper,"Hand marked paper ballots, BMDs for accessibility",Ballot Marking Devices for all voters,Batch-Fed Optical Scanners,Paper Poll Book,Optical Scan,21056,29,23,county,true,"Verifier row is a county-level summary. polling-place system reports multiple values: Hand marked paper ballots, BMDs for accessibility; accessible voting system differs from standard polling-place system; absentee system differs from standard polling-place system. Do not infer every precinct or ballot mode used one identical setup.","polling-place system reports multiple values: Hand marked paper ballots, BMDs for accessibility | accessible voting system differs from standard polling-place system | absentee system differs from standard polling-place system",verified-voting-verifier-ne-2024-equipment,https://verifiedvoting.org/verifier/#mode/navigate/map/voteEquip/mapType/ppEquip/year/2024/state/31,"Verified Voting Verifier data is jurisdiction-level election-administration context. Most rows are counties, but some states report state-level rows and some county rows can summarize mixed tabulation, accessible-device, absentee, poll-book, or other configurations. Treat it as source-linked context, not proof every precinct in a county used one identical setup, and not a turnout or vote-result source."
NE,2024,NE-159,Seward County,county,ES&S,ES&S ExpressVote +,Optical Scan,county_context,hand_marked_paper,"Hand marked paper ballots, BMDs for accessibility",Ballot Marking Devices for all voters,Batch-Fed Optical Scanners,Paper Poll Book,Optical Scan,11183,16,11,county,true,"Verifier row is a county-level summary. polling-place system reports multiple values: Hand marked paper ballots, BMDs for accessibility; accessible voting system differs from standard polling-place system; absentee system differs from standard polling-place system. Do not infer every precinct or ballot mode used one identical setup.","polling-place system reports multiple values: Hand marked paper ballots, BMDs for accessibility | accessible voting system differs from standard polling-place system | absentee system differs from standard polling-place system",verified-voting-verifier-ne-2024-equipment,https://verifiedvoting.org/verifier/#mode/navigate/map/voteEquip/mapType/ppEquip/year/2024/state/31,"Verified Voting Verifier data is jurisdiction-level election-administration context. Most rows are counties, but some states report state-level rows and some county rows can summarize mixed tabulation, accessible-device, absentee, poll-book, or other configurations. Treat it as source-linked context, not proof every precinct in a county used one identical setup, and not a turnout or vote-result source."
NE,2024,NE-161,Sheridan County,county,ES&S,ES&S ExpressVote +,Optical Scan,county_context,hand_marked_paper,"Hand marked paper ballots, BMDs for accessibility",Ballot Marking Devices for all voters,Batch-Fed Optical Scanners,Paper Poll Book,Optical Scan,3249,8,5,county,true,"Verifier row is a county-level summary. polling-place system reports multiple values: Hand marked paper ballots, BMDs for accessibility; accessible voting system differs from standard polling-place system; absentee system differs from standard polling-place system. Do not infer every precinct or ballot mode used one identical setup.","polling-place system reports multiple values: Hand marked paper ballots, BMDs for accessibility | accessible voting system differs from standard polling-place system | absentee system differs from standard polling-place system",verified-voting-verifier-ne-2024-equipment,https://verifiedvoting.org/verifier/#mode/navigate/map/voteEquip/mapType/ppEquip/year/2024/state/31,"Verified Voting Verifier data is jurisdiction-level election-administration context. Most rows are counties, but some states report state-level rows and some county rows can summarize mixed tabulation, accessible-device, absentee, poll-book, or other configurations. Treat it as source-linked context, not proof every precinct in a county used one identical setup, and not a turnout or vote-result source."
NE,2024,NE-163,Sherman County,county,ES&S,ES&S ExpressVote +,Optical Scan,county_context,hand_marked_paper,"Hand marked paper ballots, BMDs for accessibility",Ballot Marking Devices for all voters,Batch-Fed Optical Scanners,Paper Poll Book,Optical Scan,2066,6,4,county,true,"Verifier row is a county-level summary. polling-place system reports multiple values: Hand marked paper ballots, BMDs for accessibility; accessible voting system differs from standard polling-place system; absentee system differs from standard polling-place system. Do not infer every precinct or ballot mode used one identical setup.","polling-place system reports multiple values: Hand marked paper ballots, BMDs for accessibility | accessible voting system differs from standard polling-place system | absentee system differs from standard polling-place system",verified-voting-verifier-ne-2024-equipment,https://verifiedvoting.org/verifier/#mode/navigate/map/voteEquip/mapType/ppEquip/year/2024/state/31,"Verified Voting Verifier data is jurisdiction-level election-administration context. Most rows are counties, but some states report state-level rows and some county rows can summarize mixed tabulation, accessible-device, absentee, poll-book, or other configurations. Treat it as source-linked context, not proof every precinct in a county used one identical setup, and not a turnout or vote-result source."
NE,2024,NE-165,Sioux County,county,ES&S,ES&S ExpressVote +,Optical Scan,county_context,hand_marked_paper,"Hand marked paper ballots, BMDs for accessibility",Ballot Marking Devices for all voters,Hand-Fed Optical Scanners,Paper Poll Book,Optical Scan,807,2,2,county,true,"Verifier row is a county-level summary. polling-place system reports multiple values: Hand marked paper ballots, BMDs for accessibility; accessible voting system differs from standard polling-place system; absentee system differs from standard polling-place system. Do not infer every precinct or ballot mode used one identical setup.","polling-place system reports multiple values: Hand marked paper ballots, BMDs for accessibility | accessible voting system differs from standard polling-place system | absentee system differs from standard polling-place system",verified-voting-verifier-ne-2024-equipment,https://verifiedvoting.org/verifier/#mode/navigate/map/voteEquip/mapType/ppEquip/year/2024/state/31,"Verified Voting Verifier data is jurisdiction-level election-administration context. Most rows are counties, but some states report state-level rows and some county rows can summarize mixed tabulation, accessible-device, absentee, poll-book, or other configurations. Treat it as source-linked context, not proof every precinct in a county used one identical setup, and not a turnout or vote-result source."
NE,2024,NE-167,Stanton County,county,ES&S,ES&S ExpressVote +,Optical Scan,county_context,hand_marked_paper,"Hand marked paper ballots, BMDs for accessibility",Ballot Marking Devices for all voters,Batch-Fed Optical Scanners,Paper Poll Book,Optical Scan,3610,10,1,county,true,"Verifier row is a county-level summary. polling-place system reports multiple values: Hand marked paper ballots, BMDs for accessibility; accessible voting system differs from standard polling-place system; absentee system differs from standard polling-place system. Do not infer every precinct or ballot mode used one identical setup.","polling-place system reports multiple values: Hand marked paper ballots, BMDs for accessibility | accessible voting system differs from standard polling-place system | absentee system differs from standard polling-place system",verified-voting-verifier-ne-2024-equipment,https://verifiedvoting.org/verifier/#mode/navigate/map/voteEquip/mapType/ppEquip/year/2024/state/31,"Verified Voting Verifier data is jurisdiction-level election-administration context. Most rows are counties, but some states report state-level rows and some county rows can summarize mixed tabulation, accessible-device, absentee, poll-book, or other configurations. Treat it as source-linked context, not proof every precinct in a county used one identical setup, and not a turnout or vote-result source."
NE,2024,NE-169,Thayer County,county,ES&S,ES&S ExpressVote +,Optical Scan,county_context,hand_marked_paper,"Hand marked paper ballots, BMDs for accessibility",Ballot Marking Devices for all voters,Batch-Fed Optical Scanners,Paper Poll Book,Optical Scan,3480,4,3,county,true,"Verifier row is a county-level summary. polling-place system reports multiple values: Hand marked paper ballots, BMDs for accessibility; accessible voting system differs from standard polling-place system; absentee system differs from standard polling-place system. Do not infer every precinct or ballot mode used one identical setup.","polling-place system reports multiple values: Hand marked paper ballots, BMDs for accessibility | accessible voting system differs from standard polling-place system | absentee system differs from standard polling-place system",verified-voting-verifier-ne-2024-equipment,https://verifiedvoting.org/verifier/#mode/navigate/map/voteEquip/mapType/ppEquip/year/2024/state/31,"Verified Voting Verifier data is jurisdiction-level election-administration context. Most rows are counties, but some states report state-level rows and some county rows can summarize mixed tabulation, accessible-device, absentee, poll-book, or other configurations. Treat it as source-linked context, not proof every precinct in a county used one identical setup, and not a turnout or vote-result source."
NE,2024,NE-171,Thomas County,county,ES&S,ES&S ExpressVote +,Optical Scan,county_context,hand_marked_paper,"Hand marked paper ballots, BMDs for accessibility",Ballot Marking Devices for all voters,Hand-Fed Optical Scanners,Paper Poll Book,Optical Scan,467,1,1,county,true,"Verifier row is a county-level summary. polling-place system reports multiple values: Hand marked paper ballots, BMDs for accessibility; accessible voting system differs from standard polling-place system; absentee system differs from standard polling-place system. Do not infer every precinct or ballot mode used one identical setup.","polling-place system reports multiple values: Hand marked paper ballots, BMDs for accessibility | accessible voting system differs from standard polling-place system | absentee system differs from standard polling-place system",verified-voting-verifier-ne-2024-equipment,https://verifiedvoting.org/verifier/#mode/navigate/map/voteEquip/mapType/ppEquip/year/2024/state/31,"Verified Voting Verifier data is jurisdiction-level election-administration context. Most rows are counties, but some states report state-level rows and some county rows can summarize mixed tabulation, accessible-device, absentee, poll-book, or other configurations. Treat it as source-linked context, not proof every precinct in a county used one identical setup, and not a turnout or vote-result source."
NE,2024,NE-173,Thurston County,county,ES&S,ES&S ExpressVote +,Optical Scan,county_context,hand_marked_paper,"Hand marked paper ballots, BMDs for accessibility",Ballot Marking Devices for all voters,Batch-Fed Optical Scanners,Paper Poll Book,Optical Scan,3421,6,6,county,true,"Verifier row is a county-level summary. polling-place system reports multiple values: Hand marked paper ballots, BMDs for accessibility; accessible voting system differs from standard polling-place system; absentee system differs from standard polling-place system. Do not infer every precinct or ballot mode used one identical setup.","polling-place system reports multiple values: Hand marked paper ballots, BMDs for accessibility | accessible voting system differs from standard polling-place system | absentee system differs from standard polling-place system",verified-voting-verifier-ne-2024-equipment,https://verifiedvoting.org/verifier/#mode/navigate/map/voteEquip/mapType/ppEquip/year/2024/state/31,"Verified Voting Verifier data is jurisdiction-level election-administration context. Most rows are counties, but some states report state-level rows and some county rows can summarize mixed tabulation, accessible-device, absentee, poll-book, or other configurations. Treat it as source-linked context, not proof every precinct in a county used one identical setup, and not a turnout or vote-result source."
NE,2024,NE-175,Valley County,county,ES&S,ES&S ExpressVote +,Optical Scan,county_context,hand_marked_paper,"Hand marked paper ballots, BMDs for accessibility",Ballot Marking Devices for all voters,Batch-Fed Optical Scanners,Paper Poll Book,Optical Scan,2839,7,6,county,true,"Verifier row is a county-level summary. polling-place system reports multiple values: Hand marked paper ballots, BMDs for accessibility; accessible voting system differs from standard polling-place system; absentee system differs from standard polling-place system. Do not infer every precinct or ballot mode used one identical setup.","polling-place system reports multiple values: Hand marked paper ballots, BMDs for accessibility | accessible voting system differs from standard polling-place system | absentee system differs from standard polling-place system",verified-voting-verifier-ne-2024-equipment,https://verifiedvoting.org/verifier/#mode/navigate/map/voteEquip/mapType/ppEquip/year/2024/state/31,"Verified Voting Verifier data is jurisdiction-level election-administration context. Most rows are counties, but some states report state-level rows and some county rows can summarize mixed tabulation, accessible-device, absentee, poll-book, or other configurations. Treat it as source-linked context, not proof every precinct in a county used one identical setup, and not a turnout or vote-result source."
NE,2024,NE-177,Washington County,county,ES&S,ES&S ExpressVote +,Optical Scan,county_context,hand_marked_paper,"Hand marked paper ballots, BMDs for accessibility",Ballot Marking Devices for all voters,Batch-Fed Optical Scanners,Paper Poll Book,Optical Scan,15110,15,13,county,true,"Verifier row is a county-level summary. polling-place system reports multiple values: Hand marked paper ballots, BMDs for accessibility; accessible voting system differs from standard polling-place system; absentee system differs from standard polling-place system. Do not infer every precinct or ballot mode used one identical setup.","polling-place system reports multiple values: Hand marked paper ballots, BMDs for accessibility | accessible voting system differs from standard polling-place system | absentee system differs from standard polling-place system",verified-voting-verifier-ne-2024-equipment,https://verifiedvoting.org/verifier/#mode/navigate/map/voteEquip/mapType/ppEquip/year/2024/state/31,"Verified Voting Verifier data is jurisdiction-level election-administration context. Most rows are counties, but some states report state-level rows and some county rows can summarize mixed tabulation, accessible-device, absentee, poll-book, or other configurations. Treat it as source-linked context, not proof every precinct in a county used one identical setup, and not a turnout or vote-result source."
NE,2024,NE-179,Wayne County,county,ES&S,ES&S ExpressVote +,Optical Scan,county_context,hand_marked_paper,"Hand marked paper ballots, BMDs for accessibility",Ballot Marking Devices for all voters,Batch-Fed Optical Scanners,Paper Poll Book,Optical Scan,4978,10,2,county,true,"Verifier row is a county-level summary. polling-place system reports multiple values: Hand marked paper ballots, BMDs for accessibility; accessible voting system differs from standard polling-place system; absentee system differs from standard polling-place system. Do not infer every precinct or ballot mode used one identical setup.","polling-place system reports multiple values: Hand marked paper ballots, BMDs for accessibility | accessible voting system differs from standard polling-place system | absentee system differs from standard polling-place system",verified-voting-verifier-ne-2024-equipment,https://verifiedvoting.org/verifier/#mode/navigate/map/voteEquip/mapType/ppEquip/year/2024/state/31,"Verified Voting Verifier data is jurisdiction-level election-administration context. Most rows are counties, but some states report state-level rows and some county rows can summarize mixed tabulation, accessible-device, absentee, poll-book, or other configurations. Treat it as source-linked context, not proof every precinct in a county used one identical setup, and not a turnout or vote-result source."
NE,2024,NE-181,Webster County,county,ES&S,ES&S ExpressVote +,Optical Scan,county_context,hand_marked_paper,"Hand marked paper ballots, BMDs for accessibility",Ballot Marking Devices for all voters,Batch-Fed Optical Scanners,Paper Poll Book,Optical Scan,2231,5,4,county,true,"Verifier row is a county-level summary. polling-place system reports multiple values: Hand marked paper ballots, BMDs for accessibility; accessible voting system differs from standard polling-place system; absentee system differs from standard polling-place system. Do not infer every precinct or ballot mode used one identical setup.","polling-place system reports multiple values: Hand marked paper ballots, BMDs for accessibility | accessible voting system differs from standard polling-place system | absentee system differs from standard polling-place system",verified-voting-verifier-ne-2024-equipment,https://verifiedvoting.org/verifier/#mode/navigate/map/voteEquip/mapType/ppEquip/year/2024/state/31,"Verified Voting Verifier data is jurisdiction-level election-administration context. Most rows are counties, but some states report state-level rows and some county rows can summarize mixed tabulation, accessible-device, absentee, poll-book, or other configurations. Treat it as source-linked context, not proof every precinct in a county used one identical setup, and not a turnout or vote-result source."
NE,2024,NE-183,Wheeler County,county,ES&S,ES&S ExpressVote +,Optical Scan,county_context,hand_marked_paper,"Hand marked paper ballots, BMDs for accessibility",Ballot Marking Devices for all voters,Hand-Fed Optical Scanners,Paper Poll Book,Optical Scan,555,1,1,county,true,"Verifier row is a county-level summary. polling-place system reports multiple values: Hand marked paper ballots, BMDs for accessibility; accessible voting system differs from standard polling-place system; absentee system differs from standard polling-place system. Do not infer every precinct or ballot mode used one identical setup.","polling-place system reports multiple values: Hand marked paper ballots, BMDs for accessibility | accessible voting system differs from standard polling-place system | absentee system differs from standard polling-place system",verified-voting-verifier-ne-2024-equipment,https://verifiedvoting.org/verifier/#mode/navigate/map/voteEquip/mapType/ppEquip/year/2024/state/31,"Verified Voting Verifier data is jurisdiction-level election-administration context. Most rows are counties, but some states report state-level rows and some county rows can summarize mixed tabulation, accessible-device, absentee, poll-book, or other configurations. Treat it as source-linked context, not proof every precinct in a county used one identical setup, and not a turnout or vote-result source."
NE,2024,NE-185,York County,county,ES&S,ES&S ExpressVote +,Optical Scan,county_context,hand_marked_paper,"Hand marked paper ballots, BMDs for accessibility",Ballot Marking Devices for all voters,Batch-Fed Optical Scanners,Paper Poll Book,Optical Scan,8788,12,7,county,true,"Verifier row is a county-level summary. polling-place system reports multiple values: Hand marked paper ballots, BMDs for accessibility; accessible voting system differs from standard polling-place system; absentee system differs from standard polling-place system. Do not infer every precinct or ballot mode used one identical setup.","polling-place system reports multiple values: Hand marked paper ballots, BMDs for accessibility | accessible voting system differs from standard polling-place system | absentee system differs from standard polling-place system",verified-voting-verifier-ne-2024-equipment,https://verifiedvoting.org/verifier/#mode/navigate/map/voteEquip/mapType/ppEquip/year/2024/state/31,"Verified Voting Verifier data is jurisdiction-level election-administration context. Most rows are counties, but some states report state-level rows and some county rows can summarize mixed tabulation, accessible-device, absentee, poll-book, or other configurations. Treat it as source-linked context, not proof every precinct in a county used one identical setup, and not a turnout or vote-result source."
